Dates,DoW,Age,Subject,Board,Trials,TrialsLeft,TrialsRight,ChoseLeft,ChoseRight,Hits,HitsLeft,HitsRight,HitsRep,HitsAlt,Errors,ErrorsLeft,ErrorsRight,Performance,PerformanceLeft,PerformanceRight,Responses,ResponsesLeft,ResponsesRight,Repetitions,RepsLeft,RepsRight,RepRateLeft,RepRateRight,Alternations,AltsLeft,AltsRight,AltRateLeft,AltRateRight,Accuracy,AccuracyLeft,AccuracyRight,AccMaxEvi,LateralBias,AccuracyRep,AccuracyAlt,RepBias,CorrRepBias,CorrAltBias,Misses,MissesLeft,MissesRight,MissRate,MissRateLeft,MissRateRight,Rewards,RewardsLeft,RewardsRight,Water,WaterLeft,WaterRight,Stage,SoundsMismatch,NoSound,MessageCount,P,VarDelay,PCRight,xPCRight,yPCRight,FitPCRight,FitErrorPCRight,ParamsPCRight,SensitivityPCRight,BiasPCRight,LapseRight,LapseLeft,PCRep,xPCRep,yPCRep,FitPCRep,FitErrorPCRep,ParamsPCRep,SensitivityPCRep,BiasPCRep,LapseRep,LapseAlt,Drug
2022-01-17,0,100,334,Bpod6,430,211,219,64,61,84,43,41,25,11,41,22,19,0.19534883720930232,0.2037914691943128,0.1872146118721461,125,65,60,30,13,17,0.203125,0.2786885245901639,16,10,6,0.15625,0.09836065573770492,0.672,0.6615384615384615,0.6833333333333333,0.672,0.02179487179487183,0.8333333333333334,0.6875,0.14583333333333337,0.24090676229508196,0.12730532786885246,305,146,159,0.7093023255813954,0.6919431279620853,0.726027397260274,104,54,50,260.0,135.0,125.0,1.0,0,0,0,0.0,,"psych_curve(xdata=array([-70.,  70.]), ydata=[np.float64(0.169), np.float64(0.833)], fit=[np.float64(0.17), np.float64(0.17), np.float64(0.17), np.float64(0.17), np.float64(0.17), np.float64(0.17), np.float64(0.17), np.float64(0.17), np.float64(0.17), np.float64(0.17), np.float64(0.17), np.float64(0.17), np.float64(0.17), np.float64(0.17), np.float64(0.17), np.float64(0.17), np.float64(0.17), np.float64(0.17), np.float64(0.17), np.float64(0.17), np.float64(0.17), np.float64(0.17), np.float64(0.17), np.float64(0.17), np.float64(0.17), np.float64(0.17), np.float64(0.17), np.float64(0.17), np.float64(0.17), np.float64(0.17), np.float64(0.17), np.float64(0.17), np.float64(0.17), np.float64(0.17), np.float64(0.17), np.float64(0.17), np.float64(0.17), np.float64(0.17), np.float64(0.17), np.float64(0.17), np.float64(0.17), np.float64(0.17), np.float64(0.17), np.float64(0.17), np.float64(0.17), np.float64(0.17), np.float64(0.172), np.float64(0.177), np.float64(0.198), np.float64(0.271), np.float64(0.452), np.float64(0.668), np.float64(0.782), np.float64(0.818), np.float64(0.827), np.float64(0.829), np.float64(0.83), np.float64(0.83), np.float64(0.83), np.float64(0.83), np.float64(0.83), np.float64(0.83), np.float64(0.83), np.float64(0.83), np.float64(0.83), np.float64(0.83), np.float64(0.83), np.float64(0.83), np.float64(0.83), np.float64(0.83), np.float64(0.83), np.float64(0.83), np.float64(0.83), np.float64(0.83), np.float64(0.83), np.float64(0.83), np.float64(0.83), np.float64(0.83), np.float64(0.83), np.float64(0.83), np.float64(0.83), np.float64(0.83), np.float64(0.83), np.float64(0.83), np.float64(0.83), np.float64(0.83), np.float64(0.83), np.float64(0.83), np.float64(0.83), np.float64(0.83), np.float64(0.83), np.float64(0.83), np.float64(0.83), np.float64(0.83), np.float64(0.83), np.float64(0.83), np.float64(0.83), np.float64(0.83), np.float64(0.83), np.float64(0.83)], params=[np.float64(1.0), np.float64(1.0), np.float64(0.17), np.float64(0.17)], fit_error=[np.float64(0.047), np.float64(0.049)])",[-70.  70.],"[np.float64(0.169), np.float64(0.833)]","[np.float64(0.17), np.float64(0.17), np.float64(0.17), np.float64(0.17), np.float64(0.17), np.float64(0.17), np.float64(0.17), np.float64(0.17), np.float64(0.17), np.float64(0.17), np.float64(0.17), np.float64(0.17), np.float64(0.17), np.float64(0.17), np.float64(0.17), np.float64(0.17), np.float64(0.17), np.float64(0.17), np.float64(0.17), np.float64(0.17), np.float64(0.17), np.float64(0.17), np.float64(0.17), np.float64(0.17), np.float64(0.17), np.float64(0.17), np.float64(0.17), np.float64(0.17), np.float64(0.17), np.float64(0.17), np.float64(0.17), np.float64(0.17), np.float64(0.17), np.float64(0.17), np.float64(0.17), np.float64(0.17), np.float64(0.17), np.float64(0.17), np.float64(0.17), np.float64(0.17), np.float64(0.17), np.float64(0.17), np.float64(0.17), np.float64(0.17), np.float64(0.17), np.float64(0.17), np.float64(0.172), np.float64(0.177), np.float64(0.198), np.float64(0.271), np.float64(0.452), np.float64(0.668), np.float64(0.782), np.float64(0.818), np.float64(0.827), np.float64(0.829), np.float64(0.83), np.float64(0.83), np.float64(0.83), np.float64(0.83), np.float64(0.83), np.float64(0.83), np.float64(0.83), np.float64(0.83), np.float64(0.83), np.float64(0.83), np.float64(0.83), np.float64(0.83), np.float64(0.83), np.float64(0.83), np.float64(0.83), np.float64(0.83), np.float64(0.83), np.float64(0.83), np.float64(0.83), np.float64(0.83), np.float64(0.83), np.float64(0.83), np.float64(0.83), np.float64(0.83), np.float64(0.83), np.float64(0.83), np.float64(0.83), np.float64(0.83), np.float64(0.83), np.float64(0.83), np.float64(0.83), np.float64(0.83), np.float64(0.83), np.float64(0.83), np.float64(0.83), np.float64(0.83), np.float64(0.83), np.float64(0.83), np.float64(0.83), np.float64(0.83), np.float64(0.83), np.float64(0.83), np.float64(0.83), np.float64(0.83)]","[np.float64(0.047), np.float64(0.049)]","[np.float64(1.0), np.float64(1.0), np.float64(0.17), np.float64(0.17)]",1.0,1.0,0.17,0.17,"psych_curve(xdata=array([-70.,  70.]), ydata=[np.float64(0.067), np.float64(0.935)], fit=[np.float64(nan), np.float64(nan), np.float64(nan), np.float64(nan), np.float64(nan), np.float64(nan), np.float64(nan), np.float64(nan), np.float64(nan), np.float64(nan), np.float64(nan), np.float64(nan), np.float64(nan), np.float64(nan), np.float64(nan), np.float64(nan), np.float64(nan), np.float64(nan), np.float64(nan), np.float64(nan), np.float64(nan), np.float64(nan), np.float64(nan), np.float64(nan), np.float64(nan), np.float64(nan), np.float64(nan), np.float64(nan), np.float64(nan), np.float64(nan), np.float64(nan), np.float64(nan), np.float64(nan), np.float64(nan), np.float64(nan), np.float64(nan), np.float64(nan), np.float64(nan), np.float64(nan), np.float64(nan), np.float64(nan), np.float64(nan), np.float64(nan), np.float64(nan), np.float64(nan), np.float64(nan), np.float64(nan), np.float64(nan), np.float64(nan), np.float64(nan), np.float64(nan), np.float64(nan), np.float64(nan), np.float64(nan), np.float64(nan), np.float64(nan), np.float64(nan), np.float64(nan), np.float64(nan), np.float64(nan), np.float64(nan), np.float64(nan), np.float64(nan), np.float64(nan), np.float64(nan), np.float64(nan), np.float64(nan), np.float64(nan), np.float64(nan), np.float64(nan), np.float64(nan), np.float64(nan), np.float64(nan), np.float64(nan), np.float64(nan), np.float64(nan), np.float64(nan), np.float64(nan), np.float64(nan), np.float64(nan), np.float64(nan), np.float64(nan), np.float64(nan), np.float64(nan), np.float64(nan), np.float64(nan), np.float64(nan), np.float64(nan), np.float64(nan), np.float64(nan), np.float64(nan), np.float64(nan), np.float64(nan), np.float64(nan), np.float64(nan), np.float64(nan), np.float64(nan), np.float64(nan), np.float64(nan), np.float64(nan)], params=[np.float64(1.0), np.float64(1.0), np.float64(0.07), np.float64(0.06)], fit_error=[np.float64(0.067), np.float64(0.045)])",[-70.  70.],"[np.float64(0.169), np.float64(0.833)]","[np.float64(0.17), np.float64(0.17), np.float64(0.17), np.float64(0.17), np.float64(0.17), np.float64(0.17), np.float64(0.17), np.float64(0.17), np.float64(0.17), np.float64(0.17), np.float64(0.17), np.float64(0.17), np.float64(0.17), np.float64(0.17), np.float64(0.17), np.float64(0.17), np.float64(0.17), np.float64(0.17), np.float64(0.17), np.float64(0.17), np.float64(0.17), np.float64(0.17), np.float64(0.17), np.float64(0.17), np.float64(0.17), np.float64(0.17), np.float64(0.17), np.float64(0.17), np.float64(0.17), np.float64(0.17), np.float64(0.17), np.float64(0.17), np.float64(0.17), np.float64(0.17), np.float64(0.17), np.float64(0.17), np.float64(0.17), np.float64(0.17), np.float64(0.17), np.float64(0.17), np.float64(0.17), np.float64(0.17), np.float64(0.17), np.float64(0.17), np.float64(0.17), np.float64(0.17), np.float64(0.172), np.float64(0.177), np.float64(0.198), np.float64(0.271), np.float64(0.452), np.float64(0.668), np.float64(0.782), np.float64(0.818), np.float64(0.827), np.float64(0.829), np.float64(0.83), np.float64(0.83), np.float64(0.83), np.float64(0.83), np.float64(0.83), np.float64(0.83), np.float64(0.83), np.float64(0.83), np.float64(0.83), np.float64(0.83), np.float64(0.83), np.float64(0.83), np.float64(0.83), np.float64(0.83), np.float64(0.83), np.float64(0.83), np.float64(0.83), np.float64(0.83), np.float64(0.83), np.float64(0.83), np.float64(0.83), np.float64(0.83), np.float64(0.83), np.float64(0.83), np.float64(0.83), np.float64(0.83), np.float64(0.83), np.float64(0.83), np.float64(0.83), np.float64(0.83), np.float64(0.83), np.float64(0.83), np.float64(0.83), np.float64(0.83), np.float64(0.83), np.float64(0.83), np.float64(0.83), np.float64(0.83), np.float64(0.83), np.float64(0.83), np.float64(0.83), np.float64(0.83), np.float64(0.83), np.float64(0.83)]","[np.float64(0.047), np.float64(0.049)]","[np.float64(1.0), np.float64(1.0), np.float64(0.07), np.float64(0.06)]",1.0,1.0,0.07,0.06,
2022-01-18,1,101,334,Bpod6,480,227,253,51,99,86,34,52,18,9,64,40,24,0.17916666666666667,0.14977973568281938,0.20553359683794467,150,74,76,32,10,22,0.19607843137254902,0.2222222222222222,14,8,6,0.1568627450980392,0.06060606060606061,0.5733333333333334,0.4594594594594595,0.6842105263157895,0.5733333333333334,0.22475106685633,0.5625,0.6428571428571429,-0.0803571428571429,0.2091503267973856,0.10873440285204991,330,153,177,0.6875,0.6740088105726872,0.6996047430830039,105,40,65,262.5,100.0,162.5,1.0,0,0,0,0.0,,"psych_curve(xdata=array([-70.,  70.]), ydata=[np.float64(0.459), np.float64(0.855)], fit=[np.float64(0.46), np.float64(0.46), np.float64(0.46), np.float64(0.46), np.float64(0.46), np.float64(0.46), np.float64(0.46), np.float64(0.46), np.float64(0.46), np.float64(0.46), np.float64(0.46), np.float64(0.46), np.float64(0.46), np.float64(0.46), np.float64(0.46), np.float64(0.46), np.float64(0.46), np.float64(0.46), np.float64(0.46), np.float64(0.46), np.float64(0.46), np.float64(0.46), np.float64(0.46), np.float64(0.46), np.float64(0.46), np.float64(0.46), np.float64(0.46), np.float64(0.46), np.float64(0.46), np.float64(0.46), np.float64(0.46), np.float64(0.46), np.float64(0.46), np.float64(0.46), np.float64(0.46), np.float64(0.46), np.float64(0.46), np.float64(0.46), np.float64(0.46), np.float64(0.46), np.float64(0.46), np.float64(0.46), np.float64(0.46), np.float64(0.46), np.float64(0.46), np.float64(0.46), np.float64(0.461), np.float64(0.464), np.float64(0.477), np.float64(0.521), np.float64(0.631), np.float64(0.762), np.float64(0.831), np.float64(0.852), np.float64(0.858), np.float64(0.86), np.float64(0.86), np.float64(0.86), np.float64(0.86), np.float64(0.86), np.float64(0.86), np.float64(0.86), np.float64(0.86), np.float64(0.86), np.float64(0.86), np.float64(0.86), np.float64(0.86), np.float64(0.86), np.float64(0.86), np.float64(0.86), np.float64(0.86), np.float64(0.86), np.float64(0.86), np.float64(0.86), np.float64(0.86), np.float64(0.86), np.float64(0.86), np.float64(0.86), np.float64(0.86), np.float64(0.86), np.float64(0.86), np.float64(0.86), np.float64(0.86), np.float64(0.86), np.float64(0.86), np.float64(0.86), np.float64(0.86), np.float64(0.86), np.float64(0.86), np.float64(0.86), np.float64(0.86), np.float64(0.86), np.float64(0.86), np.float64(0.86), np.float64(0.86), np.float64(0.86), np.float64(0.86), np.float64(0.86), np.float64(0.86), np.float64(0.86)], params=[np.float64(1.0), np.float64(1.0), np.float64(0.46), np.float64(0.14)], fit_error=[np.float64(0.058), np.float64(0.041)])",[-70.  70.],"[np.float64(0.459), np.float64(0.855)]","[np.float64(0.46), np.float64(0.46), np.float64(0.46), np.float64(0.46), np.float64(0.46), np.float64(0.46), np.float64(0.46), np.float64(0.46), np.float64(0.46), np.float64(0.46), np.float64(0.46), np.float64(0.46), np.float64(0.46), np.float64(0.46), np.float64(0.46), np.float64(0.46), np.float64(0.46), np.float64(0.46), np.float64(0.46), np.float64(0.46), np.float64(0.46), np.float64(0.46), np.float64(0.46), np.float64(0.46), np.float64(0.46), np.float64(0.46), np.float64(0.46), np.float64(0.46), np.float64(0.46), np.float64(0.46), np.float64(0.46), np.float64(0.46), np.float64(0.46), np.float64(0.46), np.float64(0.46), np.float64(0.46), np.float64(0.46), np.float64(0.46), np.float64(0.46), np.float64(0.46), np.float64(0.46), np.float64(0.46), np.float64(0.46), np.float64(0.46), np.float64(0.46), np.float64(0.46), np.float64(0.461), np.float64(0.464), np.float64(0.477), np.float64(0.521), np.float64(0.631), np.float64(0.762), np.float64(0.831), np.float64(0.852), np.float64(0.858), np.float64(0.86), np.float64(0.86), np.float64(0.86), np.float64(0.86), np.float64(0.86), np.float64(0.86), np.float64(0.86), np.float64(0.86), np.float64(0.86), np.float64(0.86), np.float64(0.86), np.float64(0.86), np.float64(0.86), np.float64(0.86), np.float64(0.86), np.float64(0.86), np.float64(0.86), np.float64(0.86), np.float64(0.86), np.float64(0.86), np.float64(0.86), np.float64(0.86), np.float64(0.86), np.float64(0.86), np.float64(0.86), np.float64(0.86), np.float64(0.86), np.float64(0.86), np.float64(0.86), np.float64(0.86), np.float64(0.86), np.float64(0.86), np.float64(0.86), np.float64(0.86), np.float64(0.86), np.float64(0.86), np.float64(0.86), np.float64(0.86), np.float64(0.86), np.float64(0.86), np.float64(0.86), np.float64(0.86), np.float64(0.86), np.float64(0.86), np.float64(0.86)]","[np.float64(0.058), np.float64(0.041)]","[np.float64(1.0), np.float64(1.0), np.float64(0.46), np.float64(0.14)]",1.0,1.0,0.46,0.14,"psych_curve(xdata=array([-70.,  70.]), ydata=[np.float64(0.5), np.float64(0.875)], fit=[np.float64(nan), np.float64(nan), np.float64(nan), np.float64(nan), np.float64(nan), np.float64(nan), np.float64(nan), np.float64(nan), np.float64(nan), np.float64(nan), np.float64(nan), np.float64(nan), np.float64(nan), np.float64(nan), np.float64(nan), np.float64(nan), np.float64(nan), np.float64(nan), np.float64(nan), np.float64(nan), np.float64(nan), np.float64(nan), np.float64(nan), np.float64(nan), np.float64(nan), np.float64(nan), np.float64(nan), np.float64(nan), np.float64(nan), np.float64(nan), np.float64(nan), np.float64(nan), np.float64(nan), np.float64(nan), np.float64(nan), np.float64(nan), np.float64(nan), np.float64(nan), np.float64(nan), np.float64(nan), np.float64(nan), np.float64(nan), np.float64(nan), np.float64(nan), np.float64(nan), np.float64(nan), np.float64(nan), np.float64(nan), np.float64(nan), np.float64(nan), np.float64(nan), np.float64(nan), np.float64(nan), np.float64(nan), np.float64(nan), np.float64(nan), np.float64(nan), np.float64(nan), np.float64(nan), np.float64(nan), np.float64(nan), np.float64(nan), np.float64(nan), np.float64(nan), np.float64(nan), np.float64(nan), np.float64(nan), np.float64(nan), np.float64(nan), np.float64(nan), np.float64(nan), np.float64(nan), np.float64(nan), np.float64(nan), np.float64(nan), np.float64(nan), np.float64(nan), np.float64(nan), np.float64(nan), np.float64(nan), np.float64(nan), np.float64(nan), np.float64(nan), np.float64(nan), np.float64(nan), np.float64(nan), np.float64(nan), np.float64(nan), np.float64(nan), np.float64(nan), np.float64(nan), np.float64(nan), np.float64(nan), np.float64(nan), np.float64(nan), np.float64(nan), np.float64(nan), np.float64(nan), np.float64(nan), np.float64(nan)], params=[np.float64(1.0), np.float64(1.0), np.float64(0.5), np.float64(0.12)], fit_error=[np.float64(0.109), np.float64(0.069)])",[-70.  70.],"[np.float64(0.459), np.float64(0.855)]","[np.float64(0.46), np.float64(0.46), np.float64(0.46), np.float64(0.46), np.float64(0.46), np.float64(0.46), np.float64(0.46), np.float64(0.46), np.float64(0.46), np.float64(0.46), np.float64(0.46), np.float64(0.46), np.float64(0.46), np.float64(0.46), np.float64(0.46), np.float64(0.46), np.float64(0.46), np.float64(0.46), np.float64(0.46), np.float64(0.46), np.float64(0.46), np.float64(0.46), np.float64(0.46), np.float64(0.46), np.float64(0.46), np.float64(0.46), np.float64(0.46), np.float64(0.46), np.float64(0.46), np.float64(0.46), np.float64(0.46), np.float64(0.46), np.float64(0.46), np.float64(0.46), np.float64(0.46), np.float64(0.46), np.float64(0.46), np.float64(0.46), np.float64(0.46), np.float64(0.46), np.float64(0.46), np.float64(0.46), np.float64(0.46), np.float64(0.46), np.float64(0.46), np.float64(0.46), np.float64(0.461), np.float64(0.464), np.float64(0.477), np.float64(0.521), np.float64(0.631), np.float64(0.762), np.float64(0.831), np.float64(0.852), np.float64(0.858), np.float64(0.86), np.float64(0.86), np.float64(0.86), np.float64(0.86), np.float64(0.86), np.float64(0.86), np.float64(0.86), np.float64(0.86), np.float64(0.86), np.float64(0.86), np.float64(0.86), np.float64(0.86), np.float64(0.86), np.float64(0.86), np.float64(0.86), np.float64(0.86), np.float64(0.86), np.float64(0.86), np.float64(0.86), np.float64(0.86), np.float64(0.86), np.float64(0.86), np.float64(0.86), np.float64(0.86), np.float64(0.86), np.float64(0.86), np.float64(0.86), np.float64(0.86), np.float64(0.86), np.float64(0.86), np.float64(0.86), np.float64(0.86), np.float64(0.86), np.float64(0.86), np.float64(0.86), np.float64(0.86), np.float64(0.86), np.float64(0.86), np.float64(0.86), np.float64(0.86), np.float64(0.86), np.float64(0.86), np.float64(0.86), np.float64(0.86), np.float64(0.86)]","[np.float64(0.058), np.float64(0.041)]","[np.float64(1.0), np.float64(1.0), np.float64(0.5), np.float64(0.12)]",1.0,1.0,0.5,0.12,
2022-01-20,3,103,334,Bpod6,449,218,231,135,154,166,81,85,69,51,123,57,66,0.36971046770601335,0.37155963302752293,0.36796536796536794,289,138,151,99,46,53,0.34074074074074073,0.34415584415584416,92,43,49,0.31851851851851853,0.3181818181818182,0.5743944636678201,0.5869565217391305,0.5629139072847682,0.5743944636678201,-0.024042614454362288,0.696969696969697,0.5543478260869565,0.14262187088274048,0.34244829244829245,0.3183501683501684,160,80,80,0.35634743875278396,0.3669724770642202,0.3463203463203463,272,128,144,680.0,320.0,360.0,1.0,0,0,0,0.0,,"psych_curve(xdata=array([-70.,  70.]), ydata=[np.float64(0.072), np.float64(0.954)], fit=[np.float64(0.07), np.float64(0.07), np.float64(0.07), np.float64(0.07), np.float64(0.07), np.float64(0.07), np.float64(0.07), np.float64(0.07), np.float64(0.07), np.float64(0.07), np.float64(0.07), np.float64(0.07), np.float64(0.07), np.float64(0.07), np.float64(0.07), np.float64(0.07), np.float64(0.07), np.float64(0.07), np.float64(0.07), np.float64(0.07), np.float64(0.07), np.float64(0.07), np.float64(0.07), np.float64(0.07), np.float64(0.07), np.float64(0.07), np.float64(0.07), np.float64(0.07), np.float64(0.07), np.float64(0.07), np.float64(0.07), np.float64(0.07), np.float64(0.07), np.float64(0.07), np.float64(0.07), np.float64(0.07), np.float64(0.07), np.float64(0.07), np.float64(0.07), np.float64(0.07), np.float64(0.07), np.float64(0.07), np.float64(0.07), np.float64(0.07), np.float64(0.07), np.float64(0.071), np.float64(0.072), np.float64(0.079), np.float64(0.107), np.float64(0.205), np.float64(0.446), np.float64(0.734), np.float64(0.885), np.float64(0.933), np.float64(0.946), np.float64(0.949), np.float64(0.95), np.float64(0.95), np.float64(0.95), np.float64(0.95), np.float64(0.95), np.float64(0.95), np.float64(0.95), np.float64(0.95), np.float64(0.95), np.float64(0.95), np.float64(0.95), np.float64(0.95), np.float64(0.95), np.float64(0.95), np.float64(0.95), np.float64(0.95), np.float64(0.95), np.float64(0.95), np.float64(0.95), np.float64(0.95), np.float64(0.95), np.float64(0.95), np.float64(0.95), np.float64(0.95), np.float64(0.95), np.float64(0.95), np.float64(0.95), np.float64(0.95), np.float64(0.95), np.float64(0.95), np.float64(0.95), np.float64(0.95), np.float64(0.95), np.float64(0.95), np.float64(0.95), np.float64(0.95), np.float64(0.95), np.float64(0.95), np.float64(0.95), np.float64(0.95), np.float64(0.95), np.float64(0.95), np.float64(0.95), np.float64(0.95)], params=[np.float64(1.0), np.float64(1.0), np.float64(0.07), np.float64(0.05)], fit_error=[np.float64(0.022), np.float64(0.017)])",[-70.  70.],"[np.float64(0.072), np.float64(0.954)]","[np.float64(0.07), np.float64(0.07), np.float64(0.07), np.float64(0.07), np.float64(0.07), np.float64(0.07), np.float64(0.07), np.float64(0.07), np.float64(0.07), np.float64(0.07), np.float64(0.07), np.float64(0.07), np.float64(0.07), np.float64(0.07), np.float64(0.07), np.float64(0.07), np.float64(0.07), np.float64(0.07), np.float64(0.07), np.float64(0.07), np.float64(0.07), np.float64(0.07), np.float64(0.07), np.float64(0.07), np.float64(0.07), np.float64(0.07), np.float64(0.07), np.float64(0.07), np.float64(0.07), np.float64(0.07), np.float64(0.07), np.float64(0.07), np.float64(0.07), np.float64(0.07), np.float64(0.07), np.float64(0.07), np.float64(0.07), np.float64(0.07), np.float64(0.07), np.float64(0.07), np.float64(0.07), np.float64(0.07), np.float64(0.07), np.float64(0.07), np.float64(0.07), np.float64(0.071), np.float64(0.072), np.float64(0.079), np.float64(0.107), np.float64(0.205), np.float64(0.446), np.float64(0.734), np.float64(0.885), np.float64(0.933), np.float64(0.946), np.float64(0.949), np.float64(0.95), np.float64(0.95), np.float64(0.95), np.float64(0.95), np.float64(0.95), np.float64(0.95), np.float64(0.95), np.float64(0.95), np.float64(0.95), np.float64(0.95), np.float64(0.95), np.float64(0.95), np.float64(0.95), np.float64(0.95), np.float64(0.95), np.float64(0.95), np.float64(0.95), np.float64(0.95), np.float64(0.95), np.float64(0.95), np.float64(0.95), np.float64(0.95), np.float64(0.95), np.float64(0.95), np.float64(0.95), np.float64(0.95), np.float64(0.95), np.float64(0.95), np.float64(0.95), np.float64(0.95), np.float64(0.95), np.float64(0.95), np.float64(0.95), np.float64(0.95), np.float64(0.95), np.float64(0.95), np.float64(0.95), np.float64(0.95), np.float64(0.95), np.float64(0.95), np.float64(0.95), np.float64(0.95), np.float64(0.95), np.float64(0.95)]","[np.float64(0.022), np.float64(0.017)]","[np.float64(1.0), np.float64(1.0), np.float64(0.07), np.float64(0.05)]",1.0,1.0,0.07,0.05,"psych_curve(xdata=array([-70.,  70.]), ydata=[np.float64(0.092), np.float64(0.968)], fit=[np.float64(nan), np.float64(nan), np.float64(nan), np.float64(nan), np.float64(nan), np.float64(nan), np.float64(nan), np.float64(nan), np.float64(nan), np.float64(nan), np.float64(nan), np.float64(nan), np.float64(nan), np.float64(nan), np.float64(nan), np.float64(nan), np.float64(nan), np.float64(nan), np.float64(nan), np.float64(nan), np.float64(nan), np.float64(nan), np.float64(nan), np.float64(nan), np.float64(nan), np.float64(nan), np.float64(nan), np.float64(nan), np.float64(nan), np.float64(nan), np.float64(nan), np.float64(nan), np.float64(nan), np.float64(nan), np.float64(nan), np.float64(nan), np.float64(nan), np.float64(nan), np.float64(nan), np.float64(nan), np.float64(nan), np.float64(nan), np.float64(nan), np.float64(nan), np.float64(nan), np.float64(nan), np.float64(nan), np.float64(nan), np.float64(nan), np.float64(nan), np.float64(nan), np.float64(nan), np.float64(nan), np.float64(nan), np.float64(nan), np.float64(nan), np.float64(nan), np.float64(nan), np.float64(nan), np.float64(nan), np.float64(nan), np.float64(nan), np.float64(nan), np.float64(nan), np.float64(nan), np.float64(nan), np.float64(nan), np.float64(nan), np.float64(nan), np.float64(nan), np.float64(nan), np.float64(nan), np.float64(nan), np.float64(nan), np.float64(nan), np.float64(nan), np.float64(nan), np.float64(nan), np.float64(nan), np.float64(nan), np.float64(nan), np.float64(nan), np.float64(nan), np.float64(nan), np.float64(nan), np.float64(nan), np.float64(nan), np.float64(nan), np.float64(nan), np.float64(nan), np.float64(nan), np.float64(nan), np.float64(nan), np.float64(nan), np.float64(nan), np.float64(nan), np.float64(nan), np.float64(nan), np.float64(nan), np.float64(nan)], params=[np.float64(1.0), np.float64(1.0), np.float64(0.09), np.float64(0.03)], fit_error=[np.float64(0.029), np.float64(0.018)])",[-70.  70.],"[np.float64(0.072), np.float64(0.954)]","[np.float64(0.07), np.float64(0.07), np.float64(0.07), np.float64(0.07), np.float64(0.07), np.float64(0.07), np.float64(0.07), np.float64(0.07), np.float64(0.07), np.float64(0.07), np.float64(0.07), np.float64(0.07), np.float64(0.07), np.float64(0.07), np.float64(0.07), np.float64(0.07), np.float64(0.07), np.float64(0.07), np.float64(0.07), np.float64(0.07), np.float64(0.07), np.float64(0.07), np.float64(0.07), np.float64(0.07), np.float64(0.07), np.float64(0.07), np.float64(0.07), np.float64(0.07), np.float64(0.07), np.float64(0.07), np.float64(0.07), np.float64(0.07), np.float64(0.07), np.float64(0.07), np.float64(0.07), np.float64(0.07), np.float64(0.07), np.float64(0.07), np.float64(0.07), np.float64(0.07), np.float64(0.07), np.float64(0.07), np.float64(0.07), np.float64(0.07), np.float64(0.07), np.float64(0.071), np.float64(0.072), np.float64(0.079), np.float64(0.107), np.float64(0.205), np.float64(0.446), np.float64(0.734), np.float64(0.885), np.float64(0.933), np.float64(0.946), np.float64(0.949), np.float64(0.95), np.float64(0.95), np.float64(0.95), np.float64(0.95), np.float64(0.95), np.float64(0.95), np.float64(0.95), np.float64(0.95), np.float64(0.95), np.float64(0.95), np.float64(0.95), np.float64(0.95), np.float64(0.95), np.float64(0.95), np.float64(0.95), np.float64(0.95), np.float64(0.95), np.float64(0.95), np.float64(0.95), np.float64(0.95), np.float64(0.95), np.float64(0.95), np.float64(0.95), np.float64(0.95), np.float64(0.95), np.float64(0.95), np.float64(0.95), np.float64(0.95), np.float64(0.95), np.float64(0.95), np.float64(0.95), np.float64(0.95), np.float64(0.95), np.float64(0.95), np.float64(0.95), np.float64(0.95), np.float64(0.95), np.float64(0.95), np.float64(0.95), np.float64(0.95), np.float64(0.95), np.float64(0.95), np.float64(0.95), np.float64(0.95)]","[np.float64(0.022), np.float64(0.017)]","[np.float64(1.0), np.float64(1.0), np.float64(0.09), np.float64(0.03)]",1.0,1.0,0.09,0.03,
2022-01-21,4,104,334,Bpod6,582,299,283,289,234,324,228,96,150,148,199,47,152,0.5567010309278351,0.7625418060200669,0.3392226148409894,523,275,248,236,142,94,0.4913494809688581,0.4017094017094017,256,126,130,0.4359861591695502,0.5555555555555556,0.6195028680688337,0.8290909090909091,0.3870967741935484,0.6195028680688337,-0.4419941348973607,0.635593220338983,0.578125,0.05746822033898302,0.4465294413391299,0.4957708573625529,59,24,35,0.1013745704467354,0.0802675585284281,0.12367491166077739,495,268,227,1237.5,670.0,567.5,1.0,0,0,0,0.0,,"psych_curve(xdata=array([-70.,  70.]), ydata=[np.float64(0.025), np.float64(0.915)], fit=[np.float64(0.03), np.float64(0.03), np.float64(0.03), np.float64(0.03), np.float64(0.03), np.float64(0.03), np.float64(0.03), np.float64(0.03), np.float64(0.03), np.float64(0.03), np.float64(0.03), np.float64(0.03), np.float64(0.03), np.float64(0.03), np.float64(0.03), np.float64(0.03), np.float64(0.03), np.float64(0.03), np.float64(0.03), np.float64(0.03), np.float64(0.03), np.float64(0.03), np.float64(0.03), np.float64(0.03), np.float64(0.03), np.float64(0.03), np.float64(0.03), np.float64(0.03), np.float64(0.03), np.float64(0.03), np.float64(0.03), np.float64(0.03), np.float64(0.03), np.float64(0.03), np.float64(0.03), np.float64(0.03), np.float64(0.03), np.float64(0.03), np.float64(0.03), np.float64(0.03), np.float64(0.03), np.float64(0.03), np.float64(0.03), np.float64(0.03), np.float64(0.03), np.float64(0.031), np.float64(0.032), np.float64(0.039), np.float64(0.067), np.float64(0.165), np.float64(0.406), np.float64(0.694), np.float64(0.845), np.float64(0.893), np.float64(0.906), np.float64(0.909), np.float64(0.91), np.float64(0.91), np.float64(0.91), np.float64(0.91), np.float64(0.91), np.float64(0.91), np.float64(0.91), np.float64(0.91), np.float64(0.91), np.float64(0.91), np.float64(0.91), np.float64(0.91), np.float64(0.91), np.float64(0.91), np.float64(0.91), np.float64(0.91), np.float64(0.91), np.float64(0.91), np.float64(0.91), np.float64(0.91), np.float64(0.91), np.float64(0.91), np.float64(0.91), np.float64(0.91), np.float64(0.91), np.float64(0.91), np.float64(0.91), np.float64(0.91), np.float64(0.91), np.float64(0.91), np.float64(0.91), np.float64(0.91), np.float64(0.91), np.float64(0.91), np.float64(0.91), np.float64(0.91), np.float64(0.91), np.float64(0.91), np.float64(0.91), np.float64(0.91), np.float64(0.91), np.float64(0.91), np.float64(0.91), np.float64(0.91)], params=[np.float64(1.0), np.float64(1.0), np.float64(0.03), np.float64(0.09)], fit_error=[np.float64(0.01), np.float64(0.018)])",[-70.  70.],"[np.float64(0.025), np.float64(0.915)]","[np.float64(0.03), np.float64(0.03), np.float64(0.03), np.float64(0.03), np.float64(0.03), np.float64(0.03), np.float64(0.03), np.float64(0.03), np.float64(0.03), np.float64(0.03), np.float64(0.03), np.float64(0.03), np.float64(0.03), np.float64(0.03), np.float64(0.03), np.float64(0.03), np.float64(0.03), np.float64(0.03), np.float64(0.03), np.float64(0.03), np.float64(0.03), np.float64(0.03), np.float64(0.03), np.float64(0.03), np.float64(0.03), np.float64(0.03), np.float64(0.03), np.float64(0.03), np.float64(0.03), np.float64(0.03), np.float64(0.03), np.float64(0.03), np.float64(0.03), np.float64(0.03), np.float64(0.03), np.float64(0.03), np.float64(0.03), np.float64(0.03), np.float64(0.03), np.float64(0.03), np.float64(0.03), np.float64(0.03), np.float64(0.03), np.float64(0.03), np.float64(0.03), np.float64(0.031), np.float64(0.032), np.float64(0.039), np.float64(0.067), np.float64(0.165), np.float64(0.406), np.float64(0.694), np.float64(0.845), np.float64(0.893), np.float64(0.906), np.float64(0.909), np.float64(0.91), np.float64(0.91), np.float64(0.91), np.float64(0.91), np.float64(0.91), np.float64(0.91), np.float64(0.91), np.float64(0.91), np.float64(0.91), np.float64(0.91), np.float64(0.91), np.float64(0.91), np.float64(0.91), np.float64(0.91), np.float64(0.91), np.float64(0.91), np.float64(0.91), np.float64(0.91), np.float64(0.91), np.float64(0.91), np.float64(0.91), np.float64(0.91), np.float64(0.91), np.float64(0.91), np.float64(0.91), np.float64(0.91), np.float64(0.91), np.float64(0.91), np.float64(0.91), np.float64(0.91), np.float64(0.91), np.float64(0.91), np.float64(0.91), np.float64(0.91), np.float64(0.91), np.float64(0.91), np.float64(0.91), np.float64(0.91), np.float64(0.91), np.float64(0.91), np.float64(0.91), np.float64(0.91), np.float64(0.91), np.float64(0.91)]","[np.float64(0.01), np.float64(0.018)]","[np.float64(1.0), np.float64(1.0), np.float64(0.03), np.float64(0.09)]",1.0,1.0,0.03,0.09,"psych_curve(xdata=array([-70.,  70.]), ydata=[np.float64(0.075), np.float64(0.964)], fit=[np.float64(nan), np.float64(nan), np.float64(nan), np.float64(nan), np.float64(nan), np.float64(nan), np.float64(nan), np.float64(nan), np.float64(nan), np.float64(nan), np.float64(nan), np.float64(nan), np.float64(nan), np.float64(nan), np.float64(nan), np.float64(nan), np.float64(nan), np.float64(nan), np.float64(nan), np.float64(nan), np.float64(nan), np.float64(nan), np.float64(nan), np.float64(nan), np.float64(nan), np.float64(nan), np.float64(nan), np.float64(nan), np.float64(nan), np.float64(nan), np.float64(nan), np.float64(nan), np.float64(nan), np.float64(nan), np.float64(nan), np.float64(nan), np.float64(nan), np.float64(nan), np.float64(nan), np.float64(nan), np.float64(nan), np.float64(nan), np.float64(nan), np.float64(nan), np.float64(nan), np.float64(nan), np.float64(nan), np.float64(nan), np.float64(nan), np.float64(nan), np.float64(nan), np.float64(nan), np.float64(nan), np.float64(nan), np.float64(nan), np.float64(nan), np.float64(nan), np.float64(nan), np.float64(nan), np.float64(nan), np.float64(nan), np.float64(nan), np.float64(nan), np.float64(nan), np.float64(nan), np.float64(nan), np.float64(nan), np.float64(nan), np.float64(nan), np.float64(nan), np.float64(nan), np.float64(nan), np.float64(nan), np.float64(nan), np.float64(nan), np.float64(nan), np.float64(nan), np.float64(nan), np.float64(nan), np.float64(nan), np.float64(nan), np.float64(nan), np.float64(nan), np.float64(nan), np.float64(nan), np.float64(nan), np.float64(nan), np.float64(nan), np.float64(nan), np.float64(nan), np.float64(nan), np.float64(nan), np.float64(nan), np.float64(nan), np.float64(nan), np.float64(nan), np.float64(nan), np.float64(nan), np.float64(nan), np.float64(nan)], params=[np.float64(1.0), np.float64(1.0), np.float64(0.08), np.float64(0.04)], fit_error=[np.float64(0.016), np.float64(0.012)])",[-70.  70.],"[np.float64(0.025), np.float64(0.915)]","[np.float64(0.03), np.float64(0.03), np.float64(0.03), np.float64(0.03), np.float64(0.03), np.float64(0.03), np.float64(0.03), np.float64(0.03), np.float64(0.03), np.float64(0.03), np.float64(0.03), np.float64(0.03), np.float64(0.03), np.float64(0.03), np.float64(0.03), np.float64(0.03), np.float64(0.03), np.float64(0.03), np.float64(0.03), np.float64(0.03), np.float64(0.03), np.float64(0.03), np.float64(0.03), np.float64(0.03), np.float64(0.03), np.float64(0.03), np.float64(0.03), np.float64(0.03), np.float64(0.03), np.float64(0.03), np.float64(0.03), np.float64(0.03), np.float64(0.03), np.float64(0.03), np.float64(0.03), np.float64(0.03), np.float64(0.03), np.float64(0.03), np.float64(0.03), np.float64(0.03), np.float64(0.03), np.float64(0.03), np.float64(0.03), np.float64(0.03), np.float64(0.03), np.float64(0.031), np.float64(0.032), np.float64(0.039), np.float64(0.067), np.float64(0.165), np.float64(0.406), np.float64(0.694), np.float64(0.845), np.float64(0.893), np.float64(0.906), np.float64(0.909), np.float64(0.91), np.float64(0.91), np.float64(0.91), np.float64(0.91), np.float64(0.91), np.float64(0.91), np.float64(0.91), np.float64(0.91), np.float64(0.91), np.float64(0.91), np.float64(0.91), np.float64(0.91), np.float64(0.91), np.float64(0.91), np.float64(0.91), np.float64(0.91), np.float64(0.91), np.float64(0.91), np.float64(0.91), np.float64(0.91), np.float64(0.91), np.float64(0.91), np.float64(0.91), np.float64(0.91), np.float64(0.91), np.float64(0.91), np.float64(0.91), np.float64(0.91), np.float64(0.91), np.float64(0.91), np.float64(0.91), np.float64(0.91), np.float64(0.91), np.float64(0.91), np.float64(0.91), np.float64(0.91), np.float64(0.91), np.float64(0.91), np.float64(0.91), np.float64(0.91), np.float64(0.91), np.float64(0.91), np.float64(0.91), np.float64(0.91)]","[np.float64(0.01), np.float64(0.018)]","[np.float64(1.0), np.float64(1.0), np.float64(0.08), np.float64(0.04)]",1.0,1.0,0.08,0.04,
2022-01-24,0,107,334,Bpod6,708,348,360,340,340,434,226,208,207,216,246,111,135,0.6129943502824858,0.6494252873563219,0.5777777777777777,680,337,343,339,170,169,0.5,0.4970588235294118,324,163,161,0.47941176470588237,0.47352941176470587,0.638235294117647,0.6706231454005934,0.6064139941690962,0.638235294117647,-0.06420915123149717,0.6106194690265486,0.6666666666666666,-0.05604719764011801,0.4985294117647059,0.4764705882352941,28,11,17,0.03954802259887006,0.031609195402298854,0.04722222222222222,513,255,258,1282.5,637.5,645.0,1.0,0,0,0,0.0,,"psych_curve(xdata=array([-70.,  70.]), ydata=[np.float64(0.243), np.float64(0.752)], fit=[np.float64(0.24), np.float64(0.24), np.float64(0.24), np.float64(0.24), np.float64(0.24), np.float64(0.24), np.float64(0.24), np.float64(0.24), np.float64(0.24), np.float64(0.24), np.float64(0.24), np.float64(0.24), np.float64(0.24), np.float64(0.24), np.float64(0.24), np.float64(0.24), np.float64(0.24), np.float64(0.24), np.float64(0.24), np.float64(0.24), np.float64(0.24), np.float64(0.24), np.float64(0.24), np.float64(0.24), np.float64(0.24), np.float64(0.24), np.float64(0.24), np.float64(0.24), np.float64(0.24), np.float64(0.24), np.float64(0.24), np.float64(0.24), np.float64(0.24), np.float64(0.24), np.float64(0.24), np.float64(0.24), np.float64(0.24), np.float64(0.24), np.float64(0.24), np.float64(0.24), np.float64(0.24), np.float64(0.24), np.float64(0.24), np.float64(0.24), np.float64(0.24), np.float64(0.24), np.float64(0.241), np.float64(0.245), np.float64(0.262), np.float64(0.318), np.float64(0.458), np.float64(0.625), np.float64(0.713), np.float64(0.74), np.float64(0.748), np.float64(0.749), np.float64(0.75), np.float64(0.75), np.float64(0.75), np.float64(0.75), np.float64(0.75), np.float64(0.75), np.float64(0.75), np.float64(0.75), np.float64(0.75), np.float64(0.75), np.float64(0.75), np.float64(0.75), np.float64(0.75), np.float64(0.75), np.float64(0.75), np.float64(0.75), np.float64(0.75), np.float64(0.75), np.float64(0.75), np.float64(0.75), np.float64(0.75), np.float64(0.75), np.float64(0.75), np.float64(0.75), np.float64(0.75), np.float64(0.75), np.float64(0.75), np.float64(0.75), np.float64(0.75), np.float64(0.75), np.float64(0.75), np.float64(0.75), np.float64(0.75), np.float64(0.75), np.float64(0.75), np.float64(0.75), np.float64(0.75), np.float64(0.75), np.float64(0.75), np.float64(0.75), np.float64(0.75), np.float64(0.75), np.float64(0.75), np.float64(0.75)], params=[np.float64(1.0), np.float64(1.0), np.float64(0.24), np.float64(0.25)], fit_error=[np.float64(0.023), np.float64(0.023)])",[-70.  70.],"[np.float64(0.243), np.float64(0.752)]","[np.float64(0.24), np.float64(0.24), np.float64(0.24), np.float64(0.24), np.float64(0.24), np.float64(0.24), np.float64(0.24), np.float64(0.24), np.float64(0.24), np.float64(0.24), np.float64(0.24), np.float64(0.24), np.float64(0.24), np.float64(0.24), np.float64(0.24), np.float64(0.24), np.float64(0.24), np.float64(0.24), np.float64(0.24), np.float64(0.24), np.float64(0.24), np.float64(0.24), np.float64(0.24), np.float64(0.24), np.float64(0.24), np.float64(0.24), np.float64(0.24), np.float64(0.24), np.float64(0.24), np.float64(0.24), np.float64(0.24), np.float64(0.24), np.float64(0.24), np.float64(0.24), np.float64(0.24), np.float64(0.24), np.float64(0.24), np.float64(0.24), np.float64(0.24), np.float64(0.24), np.float64(0.24), np.float64(0.24), np.float64(0.24), np.float64(0.24), np.float64(0.24), np.float64(0.24), np.float64(0.241), np.float64(0.245), np.float64(0.262), np.float64(0.318), np.float64(0.458), np.float64(0.625), np.float64(0.713), np.float64(0.74), np.float64(0.748), np.float64(0.749), np.float64(0.75), np.float64(0.75), np.float64(0.75), np.float64(0.75), np.float64(0.75), np.float64(0.75), np.float64(0.75), np.float64(0.75), np.float64(0.75), np.float64(0.75), np.float64(0.75), np.float64(0.75), np.float64(0.75), np.float64(0.75), np.float64(0.75), np.float64(0.75), np.float64(0.75), np.float64(0.75), np.float64(0.75), np.float64(0.75), np.float64(0.75), np.float64(0.75), np.float64(0.75), np.float64(0.75), np.float64(0.75), np.float64(0.75), np.float64(0.75), np.float64(0.75), np.float64(0.75), np.float64(0.75), np.float64(0.75), np.float64(0.75), np.float64(0.75), np.float64(0.75), np.float64(0.75), np.float64(0.75), np.float64(0.75), np.float64(0.75), np.float64(0.75), np.float64(0.75), np.float64(0.75), np.float64(0.75), np.float64(0.75), np.float64(0.75)]","[np.float64(0.023), np.float64(0.023)]","[np.float64(1.0), np.float64(1.0), np.float64(0.24), np.float64(0.25)]",1.0,1.0,0.24,0.25,"psych_curve(xdata=array([-70.,  70.]), ydata=[np.float64(0.269), np.float64(0.78)], fit=[np.float64(nan), np.float64(nan), np.float64(nan), np.float64(nan), np.float64(nan), np.float64(nan), np.float64(nan), np.float64(nan), np.float64(nan), np.float64(nan), np.float64(nan), np.float64(nan), np.float64(nan), np.float64(nan), np.float64(nan), np.float64(nan), np.float64(nan), np.float64(nan), np.float64(nan), np.float64(nan), np.float64(nan), np.float64(nan), np.float64(nan), np.float64(nan), np.float64(nan), np.float64(nan), np.float64(nan), np.float64(nan), np.float64(nan), np.float64(nan), np.float64(nan), np.float64(nan), np.float64(nan), np.float64(nan), np.float64(nan), np.float64(nan), np.float64(nan), np.float64(nan), np.float64(nan), np.float64(nan), np.float64(nan), np.float64(nan), np.float64(nan), np.float64(nan), np.float64(nan), np.float64(nan), np.float64(nan), np.float64(nan), np.float64(nan), np.float64(nan), np.float64(nan), np.float64(nan), np.float64(nan), np.float64(nan), np.float64(nan), np.float64(nan), np.float64(nan), np.float64(nan), np.float64(nan), np.float64(nan), np.float64(nan), np.float64(nan), np.float64(nan), np.float64(nan), np.float64(nan), np.float64(nan), np.float64(nan), np.float64(nan), np.float64(nan), np.float64(nan), np.float64(nan), np.float64(nan), np.float64(nan), np.float64(nan), np.float64(nan), np.float64(nan), np.float64(nan), np.float64(nan), np.float64(nan), np.float64(nan), np.float64(nan), np.float64(nan), np.float64(nan), np.float64(nan), np.float64(nan), np.float64(nan), np.float64(nan), np.float64(nan), np.float64(nan), np.float64(nan), np.float64(nan), np.float64(nan), np.float64(nan), np.float64(nan), np.float64(nan), np.float64(nan), np.float64(nan), np.float64(nan), np.float64(nan), np.float64(nan)], params=[np.float64(1.0), np.float64(1.0), np.float64(0.27), np.float64(0.22)], fit_error=[np.float64(0.024), np.float64(0.023)])",[-70.  70.],"[np.float64(0.243), np.float64(0.752)]","[np.float64(0.24), np.float64(0.24), np.float64(0.24), np.float64(0.24), np.float64(0.24), np.float64(0.24), np.float64(0.24), np.float64(0.24), np.float64(0.24), np.float64(0.24), np.float64(0.24), np.float64(0.24), np.float64(0.24), np.float64(0.24), np.float64(0.24), np.float64(0.24), np.float64(0.24), np.float64(0.24), np.float64(0.24), np.float64(0.24), np.float64(0.24), np.float64(0.24), np.float64(0.24), np.float64(0.24), np.float64(0.24), np.float64(0.24), np.float64(0.24), np.float64(0.24), np.float64(0.24), np.float64(0.24), np.float64(0.24), np.float64(0.24), np.float64(0.24), np.float64(0.24), np.float64(0.24), np.float64(0.24), np.float64(0.24), np.float64(0.24), np.float64(0.24), np.float64(0.24), np.float64(0.24), np.float64(0.24), np.float64(0.24), np.float64(0.24), np.float64(0.24), np.float64(0.24), np.float64(0.241), np.float64(0.245), np.float64(0.262), np.float64(0.318), np.float64(0.458), np.float64(0.625), np.float64(0.713), np.float64(0.74), np.float64(0.748), np.float64(0.749), np.float64(0.75), np.float64(0.75), np.float64(0.75), np.float64(0.75), np.float64(0.75), np.float64(0.75), np.float64(0.75), np.float64(0.75), np.float64(0.75), np.float64(0.75), np.float64(0.75), np.float64(0.75), np.float64(0.75), np.float64(0.75), np.float64(0.75), np.float64(0.75), np.float64(0.75), np.float64(0.75), np.float64(0.75), np.float64(0.75), np.float64(0.75), np.float64(0.75), np.float64(0.75), np.float64(0.75), np.float64(0.75), np.float64(0.75), np.float64(0.75), np.float64(0.75), np.float64(0.75), np.float64(0.75), np.float64(0.75), np.float64(0.75), np.float64(0.75), np.float64(0.75), np.float64(0.75), np.float64(0.75), np.float64(0.75), np.float64(0.75), np.float64(0.75), np.float64(0.75), np.float64(0.75), np.float64(0.75), np.float64(0.75), np.float64(0.75)]","[np.float64(0.023), np.float64(0.023)]","[np.float64(1.0), np.float64(1.0), np.float64(0.27), np.float64(0.22)]",1.0,1.0,0.27,0.22,
2022-01-25,1,108,334,Bpod6,310,168,142,107,130,193,97,96,92,83,44,34,10,0.6225806451612903,0.5773809523809523,0.676056338028169,237,131,106,121,55,66,0.514018691588785,0.5076923076923077,91,47,44,0.4392523364485981,0.3384615384615385,0.8143459915611815,0.7404580152671756,0.9056603773584906,0.8143459915611815,0.165202362091315,0.7603305785123967,0.9120879120879121,-0.15175733357551535,0.5108554996405463,0.38885693745506833,73,37,36,0.23548387096774193,0.22023809523809523,0.2535211267605634,193,97,96,482.5,242.5,240.0,1.0,0,0,0,0.0,,"psych_curve(xdata=array([-70.,  70.]), ydata=[np.float64(0.26), np.float64(0.906)], fit=[np.float64(0.26), np.float64(0.26), np.float64(0.26), np.float64(0.26), np.float64(0.26), np.float64(0.26), np.float64(0.26), np.float64(0.26), np.float64(0.26), np.float64(0.26), np.float64(0.26), np.float64(0.26), np.float64(0.26), np.float64(0.26), np.float64(0.26), np.float64(0.26), np.float64(0.26), np.float64(0.26), np.float64(0.26), np.float64(0.26), np.float64(0.26), np.float64(0.26), np.float64(0.26), np.float64(0.26), np.float64(0.26), np.float64(0.26), np.float64(0.26), np.float64(0.26), np.float64(0.26), np.float64(0.26), np.float64(0.26), np.float64(0.26), np.float64(0.26), np.float64(0.26), np.float64(0.26), np.float64(0.26), np.float64(0.26), np.float64(0.26), np.float64(0.26), np.float64(0.26), np.float64(0.26), np.float64(0.26), np.float64(0.26), np.float64(0.26), np.float64(0.26), np.float64(0.26), np.float64(0.262), np.float64(0.267), np.float64(0.287), np.float64(0.36), np.float64(0.538), np.float64(0.75), np.float64(0.862), np.float64(0.898), np.float64(0.907), np.float64(0.909), np.float64(0.91), np.float64(0.91), np.float64(0.91), np.float64(0.91), np.float64(0.91), np.float64(0.91), np.float64(0.91), np.float64(0.91), np.float64(0.91), np.float64(0.91), np.float64(0.91), np.float64(0.91), np.float64(0.91), np.float64(0.91), np.float64(0.91), np.float64(0.91), np.float64(0.91), np.float64(0.91), np.float64(0.91), np.float64(0.91), np.float64(0.91), np.float64(0.91), np.float64(0.91), np.float64(0.91), np.float64(0.91), np.float64(0.91), np.float64(0.91), np.float64(0.91), np.float64(0.91), np.float64(0.91), np.float64(0.91), np.float64(0.91), np.float64(0.91), np.float64(0.91), np.float64(0.91), np.float64(0.91), np.float64(0.91), np.float64(0.91), np.float64(0.91), np.float64(0.91), np.float64(0.91), np.float64(0.91), np.float64(0.91), np.float64(0.91)], params=[np.float64(1.0), np.float64(1.0), np.float64(0.26), np.float64(0.09)], fit_error=[np.float64(0.038), np.float64(0.029)])",[-70.  70.],"[np.float64(0.26), np.float64(0.906)]","[np.float64(0.26), np.float64(0.26), np.float64(0.26), np.float64(0.26), np.float64(0.26), np.float64(0.26), np.float64(0.26), np.float64(0.26), np.float64(0.26), np.float64(0.26), np.float64(0.26), np.float64(0.26), np.float64(0.26), np.float64(0.26), np.float64(0.26), np.float64(0.26), np.float64(0.26), np.float64(0.26), np.float64(0.26), np.float64(0.26), np.float64(0.26), np.float64(0.26), np.float64(0.26), np.float64(0.26), np.float64(0.26), np.float64(0.26), np.float64(0.26), np.float64(0.26), np.float64(0.26), np.float64(0.26), np.float64(0.26), np.float64(0.26), np.float64(0.26), np.float64(0.26), np.float64(0.26), np.float64(0.26), np.float64(0.26), np.float64(0.26), np.float64(0.26), np.float64(0.26), np.float64(0.26), np.float64(0.26), np.float64(0.26), np.float64(0.26), np.float64(0.26), np.float64(0.26), np.float64(0.262), np.float64(0.267), np.float64(0.287), np.float64(0.36), np.float64(0.538), np.float64(0.75), np.float64(0.862), np.float64(0.898), np.float64(0.907), np.float64(0.909), np.float64(0.91), np.float64(0.91), np.float64(0.91), np.float64(0.91), np.float64(0.91), np.float64(0.91), np.float64(0.91), np.float64(0.91), np.float64(0.91), np.float64(0.91), np.float64(0.91), np.float64(0.91), np.float64(0.91), np.float64(0.91), np.float64(0.91), np.float64(0.91), np.float64(0.91), np.float64(0.91), np.float64(0.91), np.float64(0.91), np.float64(0.91), np.float64(0.91), np.float64(0.91), np.float64(0.91), np.float64(0.91), np.float64(0.91), np.float64(0.91), np.float64(0.91), np.float64(0.91), np.float64(0.91), np.float64(0.91), np.float64(0.91), np.float64(0.91), np.float64(0.91), np.float64(0.91), np.float64(0.91), np.float64(0.91), np.float64(0.91), np.float64(0.91), np.float64(0.91), np.float64(0.91), np.float64(0.91), np.float64(0.91), np.float64(0.91)]","[np.float64(0.038), np.float64(0.029)]","[np.float64(1.0), np.float64(1.0), np.float64(0.26), np.float64(0.09)]",1.0,1.0,0.26,0.09,"psych_curve(xdata=array([-70.,  70.]), ydata=[np.float64(0.259), np.float64(0.92)], fit=[np.float64(nan), np.float64(nan), np.float64(nan), np.float64(nan), np.float64(nan), np.float64(nan), np.float64(nan), np.float64(nan), np.float64(nan), np.float64(nan), np.float64(nan), np.float64(nan), np.float64(nan), np.float64(nan), np.float64(nan), np.float64(nan), np.float64(nan), np.float64(nan), np.float64(nan), np.float64(nan), np.float64(nan), np.float64(nan), np.float64(nan), np.float64(nan), np.float64(nan), np.float64(nan), np.float64(nan), np.float64(nan), np.float64(nan), np.float64(nan), np.float64(nan), np.float64(nan), np.float64(nan), np.float64(nan), np.float64(nan), np.float64(nan), np.float64(nan), np.float64(nan), np.float64(nan), np.float64(nan), np.float64(nan), np.float64(nan), np.float64(nan), np.float64(nan), np.float64(nan), np.float64(nan), np.float64(nan), np.float64(nan), np.float64(nan), np.float64(nan), np.float64(nan), np.float64(nan), np.float64(nan), np.float64(nan), np.float64(nan), np.float64(nan), np.float64(nan), np.float64(nan), np.float64(nan), np.float64(nan), np.float64(nan), np.float64(nan), np.float64(nan), np.float64(nan), np.float64(nan), np.float64(nan), np.float64(nan), np.float64(nan), np.float64(nan), np.float64(nan), np.float64(nan), np.float64(nan), np.float64(nan), np.float64(nan), np.float64(nan), np.float64(nan), np.float64(nan), np.float64(nan), np.float64(nan), np.float64(nan), np.float64(nan), np.float64(nan), np.float64(nan), np.float64(nan), np.float64(nan), np.float64(nan), np.float64(nan), np.float64(nan), np.float64(nan), np.float64(nan), np.float64(nan), np.float64(nan), np.float64(nan), np.float64(nan), np.float64(nan), np.float64(nan), np.float64(nan), np.float64(nan), np.float64(nan), np.float64(nan)], params=[np.float64(1.0), np.float64(1.0), np.float64(0.26), np.float64(0.08)], fit_error=[np.float64(0.042), np.float64(0.027)])",[-70.  70.],"[np.float64(0.26), np.float64(0.906)]","[np.float64(0.26), np.float64(0.26), np.float64(0.26), np.float64(0.26), np.float64(0.26), np.float64(0.26), np.float64(0.26), np.float64(0.26), np.float64(0.26), np.float64(0.26), np.float64(0.26), np.float64(0.26), np.float64(0.26), np.float64(0.26), np.float64(0.26), np.float64(0.26), np.float64(0.26), np.float64(0.26), np.float64(0.26), np.float64(0.26), np.float64(0.26), np.float64(0.26), np.float64(0.26), np.float64(0.26), np.float64(0.26), np.float64(0.26), np.float64(0.26), np.float64(0.26), np.float64(0.26), np.float64(0.26), np.float64(0.26), np.float64(0.26), np.float64(0.26), np.float64(0.26), np.float64(0.26), np.float64(0.26), np.float64(0.26), np.float64(0.26), np.float64(0.26), np.float64(0.26), np.float64(0.26), np.float64(0.26), np.float64(0.26), np.float64(0.26), np.float64(0.26), np.float64(0.26), np.float64(0.262), np.float64(0.267), np.float64(0.287), np.float64(0.36), np.float64(0.538), np.float64(0.75), np.float64(0.862), np.float64(0.898), np.float64(0.907), np.float64(0.909), np.float64(0.91), np.float64(0.91), np.float64(0.91), np.float64(0.91), np.float64(0.91), np.float64(0.91), np.float64(0.91), np.float64(0.91), np.float64(0.91), np.float64(0.91), np.float64(0.91), np.float64(0.91), np.float64(0.91), np.float64(0.91), np.float64(0.91), np.float64(0.91), np.float64(0.91), np.float64(0.91), np.float64(0.91), np.float64(0.91), np.float64(0.91), np.float64(0.91), np.float64(0.91), np.float64(0.91), np.float64(0.91), np.float64(0.91), np.float64(0.91), np.float64(0.91), np.float64(0.91), np.float64(0.91), np.float64(0.91), np.float64(0.91), np.float64(0.91), np.float64(0.91), np.float64(0.91), np.float64(0.91), np.float64(0.91), np.float64(0.91), np.float64(0.91), np.float64(0.91), np.float64(0.91), np.float64(0.91), np.float64(0.91), np.float64(0.91)]","[np.float64(0.038), np.float64(0.029)]","[np.float64(1.0), np.float64(1.0), np.float64(0.26), np.float64(0.08)]",1.0,1.0,0.26,0.08,
2022-01-26,2,109,334,Bpod6,313,151,162,176,124,248,137,111,142,100,52,12,40,0.792332268370607,0.9072847682119205,0.6851851851851852,300,149,151,178,116,62,0.6590909090909091,0.5,114,56,58,0.3181818181818182,0.46774193548387094,0.8266666666666667,0.9194630872483222,0.7350993377483444,0.8266666666666667,-0.1843637494999778,0.797752808988764,0.8771929824561403,-0.07944017346737631,0.5795454545454546,0.39296187683284456,13,2,11,0.04153354632587859,0.013245033112582781,0.06790123456790123,249,137,112,622.5,342.5,280.0,1.0,0,0,0,0.0,,"psych_curve(xdata=array([-70.,  70.]), ydata=[np.float64(0.081), np.float64(0.742)], fit=[np.float64(0.08), np.float64(0.08), np.float64(0.08), np.float64(0.08), np.float64(0.08), np.float64(0.08), np.float64(0.08), np.float64(0.08), np.float64(0.08), np.float64(0.08), np.float64(0.08), np.float64(0.08), np.float64(0.08), np.float64(0.08), np.float64(0.08), np.float64(0.08), np.float64(0.08), np.float64(0.08), np.float64(0.08), np.float64(0.08), np.float64(0.08), np.float64(0.08), np.float64(0.08), np.float64(0.08), np.float64(0.08), np.float64(0.08), np.float64(0.08), np.float64(0.08), np.float64(0.08), np.float64(0.08), np.float64(0.08), np.float64(0.08), np.float64(0.08), np.float64(0.08), np.float64(0.08), np.float64(0.08), np.float64(0.08), np.float64(0.08), np.float64(0.08), np.float64(0.08), np.float64(0.08), np.float64(0.08), np.float64(0.08), np.float64(0.08), np.float64(0.08), np.float64(0.08), np.float64(0.082), np.float64(0.087), np.float64(0.108), np.float64(0.181), np.float64(0.362), np.float64(0.578), np.float64(0.692), np.float64(0.728), np.float64(0.737), np.float64(0.739), np.float64(0.74), np.float64(0.74), np.float64(0.74), np.float64(0.74), np.float64(0.74), np.float64(0.74), np.float64(0.74), np.float64(0.74), np.float64(0.74), np.float64(0.74), np.float64(0.74), np.float64(0.74), np.float64(0.74), np.float64(0.74), np.float64(0.74), np.float64(0.74), np.float64(0.74), np.float64(0.74), np.float64(0.74), np.float64(0.74), np.float64(0.74), np.float64(0.74), np.float64(0.74), np.float64(0.74), np.float64(0.74), np.float64(0.74), np.float64(0.74), np.float64(0.74), np.float64(0.74), np.float64(0.74), np.float64(0.74), np.float64(0.74), np.float64(0.74), np.float64(0.74), np.float64(0.74), np.float64(0.74), np.float64(0.74), np.float64(0.74), np.float64(0.74), np.float64(0.74), np.float64(0.74), np.float64(0.74), np.float64(0.74), np.float64(0.74)], params=[np.float64(1.0), np.float64(1.0), np.float64(0.08), np.float64(0.26)], fit_error=[np.float64(0.022), np.float64(0.036)])",[-70.  70.],"[np.float64(0.081), np.float64(0.742)]","[np.float64(0.08), np.float64(0.08), np.float64(0.08), np.float64(0.08), np.float64(0.08), np.float64(0.08), np.float64(0.08), np.float64(0.08), np.float64(0.08), np.float64(0.08), np.float64(0.08), np.float64(0.08), np.float64(0.08), np.float64(0.08), np.float64(0.08), np.float64(0.08), np.float64(0.08), np.float64(0.08), np.float64(0.08), np.float64(0.08), np.float64(0.08), np.float64(0.08), np.float64(0.08), np.float64(0.08), np.float64(0.08), np.float64(0.08), np.float64(0.08), np.float64(0.08), np.float64(0.08), np.float64(0.08), np.float64(0.08), np.float64(0.08), np.float64(0.08), np.float64(0.08), np.float64(0.08), np.float64(0.08), np.float64(0.08), np.float64(0.08), np.float64(0.08), np.float64(0.08), np.float64(0.08), np.float64(0.08), np.float64(0.08), np.float64(0.08), np.float64(0.08), np.float64(0.08), np.float64(0.082), np.float64(0.087), np.float64(0.108), np.float64(0.181), np.float64(0.362), np.float64(0.578), np.float64(0.692), np.float64(0.728), np.float64(0.737), np.float64(0.739), np.float64(0.74), np.float64(0.74), np.float64(0.74), np.float64(0.74), np.float64(0.74), np.float64(0.74), np.float64(0.74), np.float64(0.74), np.float64(0.74), np.float64(0.74), np.float64(0.74), np.float64(0.74), np.float64(0.74), np.float64(0.74), np.float64(0.74), np.float64(0.74), np.float64(0.74), np.float64(0.74), np.float64(0.74), np.float64(0.74), np.float64(0.74), np.float64(0.74), np.float64(0.74), np.float64(0.74), np.float64(0.74), np.float64(0.74), np.float64(0.74), np.float64(0.74), np.float64(0.74), np.float64(0.74), np.float64(0.74), np.float64(0.74), np.float64(0.74), np.float64(0.74), np.float64(0.74), np.float64(0.74), np.float64(0.74), np.float64(0.74), np.float64(0.74), np.float64(0.74), np.float64(0.74), np.float64(0.74), np.float64(0.74), np.float64(0.74)]","[np.float64(0.022), np.float64(0.036)]","[np.float64(1.0), np.float64(1.0), np.float64(0.08), np.float64(0.26)]",1.0,1.0,0.08,0.26,"psych_curve(xdata=array([-70.,  70.]), ydata=[np.float64(0.263), np.float64(0.916)], fit=[np.float64(nan), np.float64(nan), np.float64(nan), np.float64(nan), np.float64(nan), np.float64(nan), np.float64(nan), np.float64(nan), np.float64(nan), np.float64(nan), np.float64(nan), np.float64(nan), np.float64(nan), np.float64(nan), np.float64(nan), np.float64(nan), np.float64(nan), np.float64(nan), np.float64(nan), np.float64(nan), np.float64(nan), np.float64(nan), np.float64(nan), np.float64(nan), np.float64(nan), np.float64(nan), np.float64(nan), np.float64(nan), np.float64(nan), np.float64(nan), np.float64(nan), np.float64(nan), np.float64(nan), np.float64(nan), np.float64(nan), np.float64(nan), np.float64(nan), np.float64(nan), np.float64(nan), np.float64(nan), np.float64(nan), np.float64(nan), np.float64(nan), np.float64(nan), np.float64(nan), np.float64(nan), np.float64(nan), np.float64(nan), np.float64(nan), np.float64(nan), np.float64(nan), np.float64(nan), np.float64(nan), np.float64(nan), np.float64(nan), np.float64(nan), np.float64(nan), np.float64(nan), np.float64(nan), np.float64(nan), np.float64(nan), np.float64(nan), np.float64(nan), np.float64(nan), np.float64(nan), np.float64(nan), np.float64(nan), np.float64(nan), np.float64(nan), np.float64(nan), np.float64(nan), np.float64(nan), np.float64(nan), np.float64(nan), np.float64(nan), np.float64(nan), np.float64(nan), np.float64(nan), np.float64(nan), np.float64(nan), np.float64(nan), np.float64(nan), np.float64(nan), np.float64(nan), np.float64(nan), np.float64(nan), np.float64(nan), np.float64(nan), np.float64(nan), np.float64(nan), np.float64(nan), np.float64(nan), np.float64(nan), np.float64(nan), np.float64(nan), np.float64(nan), np.float64(nan), np.float64(nan), np.float64(nan), np.float64(nan)], params=[np.float64(1.0), np.float64(1.0), np.float64(0.26), np.float64(0.08)], fit_error=[np.float64(0.038), np.float64(0.022)])",[-70.  70.],"[np.float64(0.081), np.float64(0.742)]","[np.float64(0.08), np.float64(0.08), np.float64(0.08), np.float64(0.08), np.float64(0.08), np.float64(0.08), np.float64(0.08), np.float64(0.08), np.float64(0.08), np.float64(0.08), np.float64(0.08), np.float64(0.08), np.float64(0.08), np.float64(0.08), np.float64(0.08), np.float64(0.08), np.float64(0.08), np.float64(0.08), np.float64(0.08), np.float64(0.08), np.float64(0.08), np.float64(0.08), np.float64(0.08), np.float64(0.08), np.float64(0.08), np.float64(0.08), np.float64(0.08), np.float64(0.08), np.float64(0.08), np.float64(0.08), np.float64(0.08), np.float64(0.08), np.float64(0.08), np.float64(0.08), np.float64(0.08), np.float64(0.08), np.float64(0.08), np.float64(0.08), np.float64(0.08), np.float64(0.08), np.float64(0.08), np.float64(0.08), np.float64(0.08), np.float64(0.08), np.float64(0.08), np.float64(0.08), np.float64(0.082), np.float64(0.087), np.float64(0.108), np.float64(0.181), np.float64(0.362), np.float64(0.578), np.float64(0.692), np.float64(0.728), np.float64(0.737), np.float64(0.739), np.float64(0.74), np.float64(0.74), np.float64(0.74), np.float64(0.74), np.float64(0.74), np.float64(0.74), np.float64(0.74), np.float64(0.74), np.float64(0.74), np.float64(0.74), np.float64(0.74), np.float64(0.74), np.float64(0.74), np.float64(0.74), np.float64(0.74), np.float64(0.74), np.float64(0.74), np.float64(0.74), np.float64(0.74), np.float64(0.74), np.float64(0.74), np.float64(0.74), np.float64(0.74), np.float64(0.74), np.float64(0.74), np.float64(0.74), np.float64(0.74), np.float64(0.74), np.float64(0.74), np.float64(0.74), np.float64(0.74), np.float64(0.74), np.float64(0.74), np.float64(0.74), np.float64(0.74), np.float64(0.74), np.float64(0.74), np.float64(0.74), np.float64(0.74), np.float64(0.74), np.float64(0.74), np.float64(0.74), np.float64(0.74), np.float64(0.74)]","[np.float64(0.022), np.float64(0.036)]","[np.float64(1.0), np.float64(1.0), np.float64(0.26), np.float64(0.08)]",1.0,1.0,0.26,0.08,
2022-01-27,3,110,334,Bpod6,529,248,281,165,344,398,146,252,258,128,111,94,17,0.7523629489603024,0.5887096774193549,0.896797153024911,509,240,269,352,90,262,0.5454545454545454,0.7616279069767442,145,71,74,0.4303030303030303,0.21511627906976744,0.7819253438113949,0.6083333333333333,0.9368029739776952,0.7819253438113949,0.3284696406443619,0.7329545454545454,0.8827586206896552,-0.14980407523510975,0.6535412262156448,0.3227096546863989,20,8,12,0.03780718336483932,0.03225806451612903,0.042704626334519574,402,149,253,1005.0,372.5,632.5,1.0,0,0,0,0.0,,"psych_curve(xdata=array([-70.,  70.]), ydata=[np.float64(0.379), np.float64(0.941)], fit=[np.float64(0.38), np.float64(0.38), np.float64(0.38), np.float64(0.38), np.float64(0.38), np.float64(0.38), np.float64(0.38), np.float64(0.38), np.float64(0.38), np.float64(0.38), np.float64(0.38), np.float64(0.38), np.float64(0.38), np.float64(0.38), np.float64(0.38), np.float64(0.38), np.float64(0.38), np.float64(0.38), np.float64(0.38), np.float64(0.38), np.float64(0.38), np.float64(0.38), np.float64(0.38), np.float64(0.38), np.float64(0.38), np.float64(0.38), np.float64(0.38), np.float64(0.38), np.float64(0.38), np.float64(0.38), np.float64(0.38), np.float64(0.38), np.float64(0.38), np.float64(0.38), np.float64(0.38), np.float64(0.38), np.float64(0.38), np.float64(0.38), np.float64(0.38), np.float64(0.38), np.float64(0.38), np.float64(0.38), np.float64(0.38), np.float64(0.38), np.float64(0.38), np.float64(0.38), np.float64(0.381), np.float64(0.386), np.float64(0.404), np.float64(0.466), np.float64(0.619), np.float64(0.802), np.float64(0.899), np.float64(0.929), np.float64(0.937), np.float64(0.939), np.float64(0.94), np.float64(0.94), np.float64(0.94), np.float64(0.94), np.float64(0.94), np.float64(0.94), np.float64(0.94), np.float64(0.94), np.float64(0.94), np.float64(0.94), np.float64(0.94), np.float64(0.94), np.float64(0.94), np.float64(0.94), np.float64(0.94), np.float64(0.94), np.float64(0.94), np.float64(0.94), np.float64(0.94), np.float64(0.94), np.float64(0.94), np.float64(0.94), np.float64(0.94), np.float64(0.94), np.float64(0.94), np.float64(0.94), np.float64(0.94), np.float64(0.94), np.float64(0.94), np.float64(0.94), np.float64(0.94), np.float64(0.94), np.float64(0.94), np.float64(0.94), np.float64(0.94), np.float64(0.94), np.float64(0.94), np.float64(0.94), np.float64(0.94), np.float64(0.94), np.float64(0.94), np.float64(0.94), np.float64(0.94), np.float64(0.94)], params=[np.float64(1.0), np.float64(1.0), np.float64(0.38), np.float64(0.06)], fit_error=[np.float64(0.031), np.float64(0.014)])",[-70.  70.],"[np.float64(0.379), np.float64(0.941)]","[np.float64(0.38), np.float64(0.38), np.float64(0.38), np.float64(0.38), np.float64(0.38), np.float64(0.38), np.float64(0.38), np.float64(0.38), np.float64(0.38), np.float64(0.38), np.float64(0.38), np.float64(0.38), np.float64(0.38), np.float64(0.38), np.float64(0.38), np.float64(0.38), np.float64(0.38), np.float64(0.38), np.float64(0.38), np.float64(0.38), np.float64(0.38), np.float64(0.38), np.float64(0.38), np.float64(0.38), np.float64(0.38), np.float64(0.38), np.float64(0.38), np.float64(0.38), np.float64(0.38), np.float64(0.38), np.float64(0.38), np.float64(0.38), np.float64(0.38), np.float64(0.38), np.float64(0.38), np.float64(0.38), np.float64(0.38), np.float64(0.38), np.float64(0.38), np.float64(0.38), np.float64(0.38), np.float64(0.38), np.float64(0.38), np.float64(0.38), np.float64(0.38), np.float64(0.38), np.float64(0.381), np.float64(0.386), np.float64(0.404), np.float64(0.466), np.float64(0.619), np.float64(0.802), np.float64(0.899), np.float64(0.929), np.float64(0.937), np.float64(0.939), np.float64(0.94), np.float64(0.94), np.float64(0.94), np.float64(0.94), np.float64(0.94), np.float64(0.94), np.float64(0.94), np.float64(0.94), np.float64(0.94), np.float64(0.94), np.float64(0.94), np.float64(0.94), np.float64(0.94), np.float64(0.94), np.float64(0.94), np.float64(0.94), np.float64(0.94), np.float64(0.94), np.float64(0.94), np.float64(0.94), np.float64(0.94), np.float64(0.94), np.float64(0.94), np.float64(0.94), np.float64(0.94), np.float64(0.94), np.float64(0.94), np.float64(0.94), np.float64(0.94), np.float64(0.94), np.float64(0.94), np.float64(0.94), np.float64(0.94), np.float64(0.94), np.float64(0.94), np.float64(0.94), np.float64(0.94), np.float64(0.94), np.float64(0.94), np.float64(0.94), np.float64(0.94), np.float64(0.94), np.float64(0.94), np.float64(0.94)]","[np.float64(0.031), np.float64(0.014)]","[np.float64(1.0), np.float64(1.0), np.float64(0.38), np.float64(0.06)]",1.0,1.0,0.38,0.06,"psych_curve(xdata=array([-70.,  70.]), ydata=[np.float64(0.416), np.float64(0.952)], fit=[np.float64(nan), np.float64(nan), np.float64(nan), np.float64(nan), np.float64(nan), np.float64(nan), np.float64(nan), np.float64(nan), np.float64(nan), np.float64(nan), np.float64(nan), np.float64(nan), np.float64(nan), np.float64(nan), np.float64(nan), np.float64(nan), np.float64(nan), np.float64(nan), np.float64(nan), np.float64(nan), np.float64(nan), np.float64(nan), np.float64(nan), np.float64(nan), np.float64(nan), np.float64(nan), np.float64(nan), np.float64(nan), np.float64(nan), np.float64(nan), np.float64(nan), np.float64(nan), np.float64(nan), np.float64(nan), np.float64(nan), np.float64(nan), np.float64(nan), np.float64(nan), np.float64(nan), np.float64(nan), np.float64(nan), np.float64(nan), np.float64(nan), np.float64(nan), np.float64(nan), np.float64(nan), np.float64(nan), np.float64(nan), np.float64(nan), np.float64(nan), np.float64(nan), np.float64(nan), np.float64(nan), np.float64(nan), np.float64(nan), np.float64(nan), np.float64(nan), np.float64(nan), np.float64(nan), np.float64(nan), np.float64(nan), np.float64(nan), np.float64(nan), np.float64(nan), np.float64(nan), np.float64(nan), np.float64(nan), np.float64(nan), np.float64(nan), np.float64(nan), np.float64(nan), np.float64(nan), np.float64(nan), np.float64(nan), np.float64(nan), np.float64(nan), np.float64(nan), np.float64(nan), np.float64(nan), np.float64(nan), np.float64(nan), np.float64(nan), np.float64(nan), np.float64(nan), np.float64(nan), np.float64(nan), np.float64(nan), np.float64(nan), np.float64(nan), np.float64(nan), np.float64(nan), np.float64(nan), np.float64(nan), np.float64(nan), np.float64(nan), np.float64(nan), np.float64(nan), np.float64(nan), np.float64(nan), np.float64(nan)], params=[np.float64(1.0), np.float64(1.0), np.float64(0.42), np.float64(0.05)], fit_error=[np.float64(0.033), np.float64(0.013)])",[-70.  70.],"[np.float64(0.379), np.float64(0.941)]","[np.float64(0.38), np.float64(0.38), np.float64(0.38), np.float64(0.38), np.float64(0.38), np.float64(0.38), np.float64(0.38), np.float64(0.38), np.float64(0.38), np.float64(0.38), np.float64(0.38), np.float64(0.38), np.float64(0.38), np.float64(0.38), np.float64(0.38), np.float64(0.38), np.float64(0.38), np.float64(0.38), np.float64(0.38), np.float64(0.38), np.float64(0.38), np.float64(0.38), np.float64(0.38), np.float64(0.38), np.float64(0.38), np.float64(0.38), np.float64(0.38), np.float64(0.38), np.float64(0.38), np.float64(0.38), np.float64(0.38), np.float64(0.38), np.float64(0.38), np.float64(0.38), np.float64(0.38), np.float64(0.38), np.float64(0.38), np.float64(0.38), np.float64(0.38), np.float64(0.38), np.float64(0.38), np.float64(0.38), np.float64(0.38), np.float64(0.38), np.float64(0.38), np.float64(0.38), np.float64(0.381), np.float64(0.386), np.float64(0.404), np.float64(0.466), np.float64(0.619), np.float64(0.802), np.float64(0.899), np.float64(0.929), np.float64(0.937), np.float64(0.939), np.float64(0.94), np.float64(0.94), np.float64(0.94), np.float64(0.94), np.float64(0.94), np.float64(0.94), np.float64(0.94), np.float64(0.94), np.float64(0.94), np.float64(0.94), np.float64(0.94), np.float64(0.94), np.float64(0.94), np.float64(0.94), np.float64(0.94), np.float64(0.94), np.float64(0.94), np.float64(0.94), np.float64(0.94), np.float64(0.94), np.float64(0.94), np.float64(0.94), np.float64(0.94), np.float64(0.94), np.float64(0.94), np.float64(0.94), np.float64(0.94), np.float64(0.94), np.float64(0.94), np.float64(0.94), np.float64(0.94), np.float64(0.94), np.float64(0.94), np.float64(0.94), np.float64(0.94), np.float64(0.94), np.float64(0.94), np.float64(0.94), np.float64(0.94), np.float64(0.94), np.float64(0.94), np.float64(0.94), np.float64(0.94), np.float64(0.94)]","[np.float64(0.031), np.float64(0.014)]","[np.float64(1.0), np.float64(1.0), np.float64(0.42), np.float64(0.05)]",1.0,1.0,0.42,0.05,
2022-01-28,4,111,334,Bpod6,400,169,231,77,301,299,75,224,199,85,79,78,1,0.7475,0.4437869822485207,0.9696969696969697,378,153,225,270,27,243,0.35064935064935066,0.8073089700996677,90,47,43,0.6103896103896104,0.14285714285714285,0.791005291005291,0.49019607843137253,0.9955555555555555,0.791005291005291,0.5053594771241829,0.737037037037037,0.9444444444444444,-0.20740740740740737,0.5789791603745091,0.37662337662337664,22,16,6,0.055,0.09467455621301775,0.025974025974025976,300,76,224,750.0,190.0,560.0,1.0,0,0,0,0.0,,"psych_curve(xdata=array([-70.,  70.]), ydata=[np.float64(0.503), np.float64(0.996)], fit=[np.float64(0.5), np.float64(0.5), np.float64(0.5), np.float64(0.5), np.float64(0.5), np.float64(0.5), np.float64(0.5), np.float64(0.5), np.float64(0.5), np.float64(0.5), np.float64(0.5), np.float64(0.5), np.float64(0.5), np.float64(0.5), np.float64(0.5), np.float64(0.5), np.float64(0.5), np.float64(0.5), np.float64(0.5), np.float64(0.5), np.float64(0.5), np.float64(0.5), np.float64(0.5), np.float64(0.5), np.float64(0.5), np.float64(0.5), np.float64(0.5), np.float64(0.5), np.float64(0.5), np.float64(0.5), np.float64(0.5), np.float64(0.5), np.float64(0.5), np.float64(0.5), np.float64(0.5), np.float64(0.5), np.float64(0.5), np.float64(0.5), np.float64(0.5), np.float64(0.5), np.float64(0.5), np.float64(0.5), np.float64(0.5), np.float64(0.5), np.float64(0.5), np.float64(0.5), np.float64(0.501), np.float64(0.505), np.float64(0.521), np.float64(0.577), np.float64(0.714), np.float64(0.877), np.float64(0.963), np.float64(0.991), np.float64(0.998), np.float64(0.999), np.float64(1.0), np.float64(1.0), np.float64(1.0), np.float64(1.0), np.float64(1.0), np.float64(1.0), np.float64(1.0), np.float64(1.0), np.float64(1.0), np.float64(1.0), np.float64(1.0), np.float64(1.0), np.float64(1.0), np.float64(1.0), np.float64(1.0), np.float64(1.0), np.float64(1.0), np.float64(1.0), np.float64(1.0), np.float64(1.0), np.float64(1.0), np.float64(1.0), np.float64(1.0), np.float64(1.0), np.float64(1.0), np.float64(1.0), np.float64(1.0), np.float64(1.0), np.float64(1.0), np.float64(1.0), np.float64(1.0), np.float64(1.0), np.float64(1.0), np.float64(1.0), np.float64(1.0), np.float64(1.0), np.float64(1.0), np.float64(1.0), np.float64(1.0), np.float64(1.0), np.float64(1.0), np.float64(1.0), np.float64(1.0), np.float64(1.0)], params=[np.float64(1.0), np.float64(1.0), np.float64(0.5), np.float64(0.0)], fit_error=[np.float64(0.041), np.float64(0.004)])",[-70.  70.],"[np.float64(0.503), np.float64(0.996)]","[np.float64(0.5), np.float64(0.5), np.float64(0.5), np.float64(0.5), np.float64(0.5), np.float64(0.5), np.float64(0.5), np.float64(0.5), np.float64(0.5), np.float64(0.5), np.float64(0.5), np.float64(0.5), np.float64(0.5), np.float64(0.5), np.float64(0.5), np.float64(0.5), np.float64(0.5), np.float64(0.5), np.float64(0.5), np.float64(0.5), np.float64(0.5), np.float64(0.5), np.float64(0.5), np.float64(0.5), np.float64(0.5), np.float64(0.5), np.float64(0.5), np.float64(0.5), np.float64(0.5), np.float64(0.5), np.float64(0.5), np.float64(0.5), np.float64(0.5), np.float64(0.5), np.float64(0.5), np.float64(0.5), np.float64(0.5), np.float64(0.5), np.float64(0.5), np.float64(0.5), np.float64(0.5), np.float64(0.5), np.float64(0.5), np.float64(0.5), np.float64(0.5), np.float64(0.5), np.float64(0.501), np.float64(0.505), np.float64(0.521), np.float64(0.577), np.float64(0.714), np.float64(0.877), np.float64(0.963), np.float64(0.991), np.float64(0.998), np.float64(0.999), np.float64(1.0), np.float64(1.0), np.float64(1.0), np.float64(1.0), np.float64(1.0), np.float64(1.0), np.float64(1.0), np.float64(1.0), np.float64(1.0), np.float64(1.0), np.float64(1.0), np.float64(1.0), np.float64(1.0), np.float64(1.0), np.float64(1.0), np.float64(1.0), np.float64(1.0), np.float64(1.0), np.float64(1.0), np.float64(1.0), np.float64(1.0), np.float64(1.0), np.float64(1.0), np.float64(1.0), np.float64(1.0), np.float64(1.0), np.float64(1.0), np.float64(1.0), np.float64(1.0), np.float64(1.0), np.float64(1.0), np.float64(1.0), np.float64(1.0), np.float64(1.0), np.float64(1.0), np.float64(1.0), np.float64(1.0), np.float64(1.0), np.float64(1.0), np.float64(1.0), np.float64(1.0), np.float64(1.0), np.float64(1.0), np.float64(1.0)]","[np.float64(0.041), np.float64(0.004)]","[np.float64(1.0), np.float64(1.0), np.float64(0.5), np.float64(0.0)]",1.0,1.0,0.5,0.0,"psych_curve(xdata=array([-70.,  70.]), ydata=[np.float64(0.452), np.float64(0.98)], fit=[np.float64(nan), np.float64(nan), np.float64(nan), np.float64(nan), np.float64(nan), np.float64(nan), np.float64(nan), np.float64(nan), np.float64(nan), np.float64(nan), np.float64(nan), np.float64(nan), np.float64(nan), np.float64(nan), np.float64(nan), np.float64(nan), np.float64(nan), np.float64(nan), np.float64(nan), np.float64(nan), np.float64(nan), np.float64(nan), np.float64(nan), np.float64(nan), np.float64(nan), np.float64(nan), np.float64(nan), np.float64(nan), np.float64(nan), np.float64(nan), np.float64(nan), np.float64(nan), np.float64(nan), np.float64(nan), np.float64(nan), np.float64(nan), np.float64(nan), np.float64(nan), np.float64(nan), np.float64(nan), np.float64(nan), np.float64(nan), np.float64(nan), np.float64(nan), np.float64(nan), np.float64(nan), np.float64(nan), np.float64(nan), np.float64(nan), np.float64(nan), np.float64(nan), np.float64(nan), np.float64(nan), np.float64(nan), np.float64(nan), np.float64(nan), np.float64(nan), np.float64(nan), np.float64(nan), np.float64(nan), np.float64(nan), np.float64(nan), np.float64(nan), np.float64(nan), np.float64(nan), np.float64(nan), np.float64(nan), np.float64(nan), np.float64(nan), np.float64(nan), np.float64(nan), np.float64(nan), np.float64(nan), np.float64(nan), np.float64(nan), np.float64(nan), np.float64(nan), np.float64(nan), np.float64(nan), np.float64(nan), np.float64(nan), np.float64(nan), np.float64(nan), np.float64(nan), np.float64(nan), np.float64(nan), np.float64(nan), np.float64(nan), np.float64(nan), np.float64(nan), np.float64(nan), np.float64(nan), np.float64(nan), np.float64(nan), np.float64(nan), np.float64(nan), np.float64(nan), np.float64(nan), np.float64(nan), np.float64(nan)], params=[np.float64(1.0), np.float64(1.0), np.float64(0.45), np.float64(0.02)], fit_error=[np.float64(0.04), np.float64(0.01)])",[-70.  70.],"[np.float64(0.503), np.float64(0.996)]","[np.float64(0.5), np.float64(0.5), np.float64(0.5), np.float64(0.5), np.float64(0.5), np.float64(0.5), np.float64(0.5), np.float64(0.5), np.float64(0.5), np.float64(0.5), np.float64(0.5), np.float64(0.5), np.float64(0.5), np.float64(0.5), np.float64(0.5), np.float64(0.5), np.float64(0.5), np.float64(0.5), np.float64(0.5), np.float64(0.5), np.float64(0.5), np.float64(0.5), np.float64(0.5), np.float64(0.5), np.float64(0.5), np.float64(0.5), np.float64(0.5), np.float64(0.5), np.float64(0.5), np.float64(0.5), np.float64(0.5), np.float64(0.5), np.float64(0.5), np.float64(0.5), np.float64(0.5), np.float64(0.5), np.float64(0.5), np.float64(0.5), np.float64(0.5), np.float64(0.5), np.float64(0.5), np.float64(0.5), np.float64(0.5), np.float64(0.5), np.float64(0.5), np.float64(0.5), np.float64(0.501), np.float64(0.505), np.float64(0.521), np.float64(0.577), np.float64(0.714), np.float64(0.877), np.float64(0.963), np.float64(0.991), np.float64(0.998), np.float64(0.999), np.float64(1.0), np.float64(1.0), np.float64(1.0), np.float64(1.0), np.float64(1.0), np.float64(1.0), np.float64(1.0), np.float64(1.0), np.float64(1.0), np.float64(1.0), np.float64(1.0), np.float64(1.0), np.float64(1.0), np.float64(1.0), np.float64(1.0), np.float64(1.0), np.float64(1.0), np.float64(1.0), np.float64(1.0), np.float64(1.0), np.float64(1.0), np.float64(1.0), np.float64(1.0), np.float64(1.0), np.float64(1.0), np.float64(1.0), np.float64(1.0), np.float64(1.0), np.float64(1.0), np.float64(1.0), np.float64(1.0), np.float64(1.0), np.float64(1.0), np.float64(1.0), np.float64(1.0), np.float64(1.0), np.float64(1.0), np.float64(1.0), np.float64(1.0), np.float64(1.0), np.float64(1.0), np.float64(1.0), np.float64(1.0), np.float64(1.0)]","[np.float64(0.041), np.float64(0.004)]","[np.float64(1.0), np.float64(1.0), np.float64(0.45), np.float64(0.02)]",1.0,1.0,0.45,0.02,
2022-01-31,0,114,334,Bpod6,417,215,202,198,203,304,152,152,203,95,97,53,44,0.7290167865707434,0.7069767441860465,0.7524752475247525,401,205,196,280,139,141,0.702020202020202,0.6945812807881774,108,53,55,0.2676767676767677,0.270935960591133,0.7581047381546134,0.7414634146341463,0.7755102040816326,0.7581047381546134,0.03404678944748629,0.725,0.8796296296296297,-0.15462962962962967,0.6983007414041897,0.26930636413395037,16,10,6,0.03836930455635491,0.046511627906976744,0.0297029702970297,306,154,152,765.0,385.0,380.0,1.0,0,0,0,0.0,,"psych_curve(xdata=array([-70.,  70.]), ydata=[np.float64(0.249), np.float64(0.776)], fit=[np.float64(0.25), np.float64(0.25), np.float64(0.25), np.float64(0.25), np.float64(0.25), np.float64(0.25), np.float64(0.25), np.float64(0.25), np.float64(0.25), np.float64(0.25), np.float64(0.25), np.float64(0.25), np.float64(0.25), np.float64(0.25), np.float64(0.25), np.float64(0.25), np.float64(0.25), np.float64(0.25), np.float64(0.25), np.float64(0.25), np.float64(0.25), np.float64(0.25), np.float64(0.25), np.float64(0.25), np.float64(0.25), np.float64(0.25), np.float64(0.25), np.float64(0.25), np.float64(0.25), np.float64(0.25), np.float64(0.25), np.float64(0.25), np.float64(0.25), np.float64(0.25), np.float64(0.25), np.float64(0.25), np.float64(0.25), np.float64(0.25), np.float64(0.25), np.float64(0.25), np.float64(0.25), np.float64(0.25), np.float64(0.25), np.float64(0.25), np.float64(0.25), np.float64(0.25), np.float64(0.251), np.float64(0.256), np.float64(0.272), np.float64(0.331), np.float64(0.476), np.float64(0.65), np.float64(0.741), np.float64(0.77), np.float64(0.778), np.float64(0.779), np.float64(0.78), np.float64(0.78), np.float64(0.78), np.float64(0.78), np.float64(0.78), np.float64(0.78), np.float64(0.78), np.float64(0.78), np.float64(0.78), np.float64(0.78), np.float64(0.78), np.float64(0.78), np.float64(0.78), np.float64(0.78), np.float64(0.78), np.float64(0.78), np.float64(0.78), np.float64(0.78), np.float64(0.78), np.float64(0.78), np.float64(0.78), np.float64(0.78), np.float64(0.78), np.float64(0.78), np.float64(0.78), np.float64(0.78), np.float64(0.78), np.float64(0.78), np.float64(0.78), np.float64(0.78), np.float64(0.78), np.float64(0.78), np.float64(0.78), np.float64(0.78), np.float64(0.78), np.float64(0.78), np.float64(0.78), np.float64(0.78), np.float64(0.78), np.float64(0.78), np.float64(0.78), np.float64(0.78), np.float64(0.78), np.float64(0.78)], params=[np.float64(1.0), np.float64(1.0), np.float64(0.25), np.float64(0.22)], fit_error=[np.float64(0.03), np.float64(0.03)])",[-70.  70.],"[np.float64(0.249), np.float64(0.776)]","[np.float64(0.25), np.float64(0.25), np.float64(0.25), np.float64(0.25), np.float64(0.25), np.float64(0.25), np.float64(0.25), np.float64(0.25), np.float64(0.25), np.float64(0.25), np.float64(0.25), np.float64(0.25), np.float64(0.25), np.float64(0.25), np.float64(0.25), np.float64(0.25), np.float64(0.25), np.float64(0.25), np.float64(0.25), np.float64(0.25), np.float64(0.25), np.float64(0.25), np.float64(0.25), np.float64(0.25), np.float64(0.25), np.float64(0.25), np.float64(0.25), np.float64(0.25), np.float64(0.25), np.float64(0.25), np.float64(0.25), np.float64(0.25), np.float64(0.25), np.float64(0.25), np.float64(0.25), np.float64(0.25), np.float64(0.25), np.float64(0.25), np.float64(0.25), np.float64(0.25), np.float64(0.25), np.float64(0.25), np.float64(0.25), np.float64(0.25), np.float64(0.25), np.float64(0.25), np.float64(0.251), np.float64(0.256), np.float64(0.272), np.float64(0.331), np.float64(0.476), np.float64(0.65), np.float64(0.741), np.float64(0.77), np.float64(0.778), np.float64(0.779), np.float64(0.78), np.float64(0.78), np.float64(0.78), np.float64(0.78), np.float64(0.78), np.float64(0.78), np.float64(0.78), np.float64(0.78), np.float64(0.78), np.float64(0.78), np.float64(0.78), np.float64(0.78), np.float64(0.78), np.float64(0.78), np.float64(0.78), np.float64(0.78), np.float64(0.78), np.float64(0.78), np.float64(0.78), np.float64(0.78), np.float64(0.78), np.float64(0.78), np.float64(0.78), np.float64(0.78), np.float64(0.78), np.float64(0.78), np.float64(0.78), np.float64(0.78), np.float64(0.78), np.float64(0.78), np.float64(0.78), np.float64(0.78), np.float64(0.78), np.float64(0.78), np.float64(0.78), np.float64(0.78), np.float64(0.78), np.float64(0.78), np.float64(0.78), np.float64(0.78), np.float64(0.78), np.float64(0.78), np.float64(0.78), np.float64(0.78)]","[np.float64(0.03), np.float64(0.03)]","[np.float64(1.0), np.float64(1.0), np.float64(0.25), np.float64(0.22)]",1.0,1.0,0.25,0.22,"psych_curve(xdata=array([-70.,  70.]), ydata=[np.float64(0.443), np.float64(0.949)], fit=[np.float64(nan), np.float64(nan), np.float64(nan), np.float64(nan), np.float64(nan), np.float64(nan), np.float64(nan), np.float64(nan), np.float64(nan), np.float64(nan), np.float64(nan), np.float64(nan), np.float64(nan), np.float64(nan), np.float64(nan), np.float64(nan), np.float64(nan), np.float64(nan), np.float64(nan), np.float64(nan), np.float64(nan), np.float64(nan), np.float64(nan), np.float64(nan), np.float64(nan), np.float64(nan), np.float64(nan), np.float64(nan), np.float64(nan), np.float64(nan), np.float64(nan), np.float64(nan), np.float64(nan), np.float64(nan), np.float64(nan), np.float64(nan), np.float64(nan), np.float64(nan), np.float64(nan), np.float64(nan), np.float64(nan), np.float64(nan), np.float64(nan), np.float64(nan), np.float64(nan), np.float64(nan), np.float64(nan), np.float64(nan), np.float64(nan), np.float64(nan), np.float64(nan), np.float64(nan), np.float64(nan), np.float64(nan), np.float64(nan), np.float64(nan), np.float64(nan), np.float64(nan), np.float64(nan), np.float64(nan), np.float64(nan), np.float64(nan), np.float64(nan), np.float64(nan), np.float64(nan), np.float64(nan), np.float64(nan), np.float64(nan), np.float64(nan), np.float64(nan), np.float64(nan), np.float64(nan), np.float64(nan), np.float64(nan), np.float64(nan), np.float64(nan), np.float64(nan), np.float64(nan), np.float64(nan), np.float64(nan), np.float64(nan), np.float64(nan), np.float64(nan), np.float64(nan), np.float64(nan), np.float64(nan), np.float64(nan), np.float64(nan), np.float64(nan), np.float64(nan), np.float64(nan), np.float64(nan), np.float64(nan), np.float64(nan), np.float64(nan), np.float64(nan), np.float64(nan), np.float64(nan), np.float64(nan), np.float64(nan)], params=[np.float64(1.0), np.float64(1.0), np.float64(0.44), np.float64(0.05)], fit_error=[np.float64(0.038), np.float64(0.015)])",[-70.  70.],"[np.float64(0.249), np.float64(0.776)]","[np.float64(0.25), np.float64(0.25), np.float64(0.25), np.float64(0.25), np.float64(0.25), np.float64(0.25), np.float64(0.25), np.float64(0.25), np.float64(0.25), np.float64(0.25), np.float64(0.25), np.float64(0.25), np.float64(0.25), np.float64(0.25), np.float64(0.25), np.float64(0.25), np.float64(0.25), np.float64(0.25), np.float64(0.25), np.float64(0.25), np.float64(0.25), np.float64(0.25), np.float64(0.25), np.float64(0.25), np.float64(0.25), np.float64(0.25), np.float64(0.25), np.float64(0.25), np.float64(0.25), np.float64(0.25), np.float64(0.25), np.float64(0.25), np.float64(0.25), np.float64(0.25), np.float64(0.25), np.float64(0.25), np.float64(0.25), np.float64(0.25), np.float64(0.25), np.float64(0.25), np.float64(0.25), np.float64(0.25), np.float64(0.25), np.float64(0.25), np.float64(0.25), np.float64(0.25), np.float64(0.251), np.float64(0.256), np.float64(0.272), np.float64(0.331), np.float64(0.476), np.float64(0.65), np.float64(0.741), np.float64(0.77), np.float64(0.778), np.float64(0.779), np.float64(0.78), np.float64(0.78), np.float64(0.78), np.float64(0.78), np.float64(0.78), np.float64(0.78), np.float64(0.78), np.float64(0.78), np.float64(0.78), np.float64(0.78), np.float64(0.78), np.float64(0.78), np.float64(0.78), np.float64(0.78), np.float64(0.78), np.float64(0.78), np.float64(0.78), np.float64(0.78), np.float64(0.78), np.float64(0.78), np.float64(0.78), np.float64(0.78), np.float64(0.78), np.float64(0.78), np.float64(0.78), np.float64(0.78), np.float64(0.78), np.float64(0.78), np.float64(0.78), np.float64(0.78), np.float64(0.78), np.float64(0.78), np.float64(0.78), np.float64(0.78), np.float64(0.78), np.float64(0.78), np.float64(0.78), np.float64(0.78), np.float64(0.78), np.float64(0.78), np.float64(0.78), np.float64(0.78), np.float64(0.78), np.float64(0.78)]","[np.float64(0.03), np.float64(0.03)]","[np.float64(1.0), np.float64(1.0), np.float64(0.44), np.float64(0.05)]",1.0,1.0,0.44,0.05,
2022-02-01,1,115,334,Bpod6,637,333,304,361,261,497,284,213,294,197,125,45,80,0.7802197802197802,0.8528528528528528,0.7006578947368421,622,329,293,399,246,153,0.6814404432132964,0.5862068965517241,215,107,108,0.296398891966759,0.41379310344827586,0.7990353697749196,0.8632218844984803,0.726962457337884,0.7990353697749196,-0.13625942716059625,0.7368421052631579,0.9162790697674419,-0.17943696450428404,0.6338236698825103,0.35509599770751743,15,4,11,0.023547880690737835,0.012012012012012012,0.03618421052631579,500,284,216,1250.0,710.0,540.0,1.0,0,0,0,0.0,,"psych_curve(xdata=array([-70.,  70.]), ydata=[np.float64(0.137), np.float64(0.737)], fit=[np.float64(0.14), np.float64(0.14), np.float64(0.14), np.float64(0.14), np.float64(0.14), np.float64(0.14), np.float64(0.14), np.float64(0.14), np.float64(0.14), np.float64(0.14), np.float64(0.14), np.float64(0.14), np.float64(0.14), np.float64(0.14), np.float64(0.14), np.float64(0.14), np.float64(0.14), np.float64(0.14), np.float64(0.14), np.float64(0.14), np.float64(0.14), np.float64(0.14), np.float64(0.14), np.float64(0.14), np.float64(0.14), np.float64(0.14), np.float64(0.14), np.float64(0.14), np.float64(0.14), np.float64(0.14), np.float64(0.14), np.float64(0.14), np.float64(0.14), np.float64(0.14), np.float64(0.14), np.float64(0.14), np.float64(0.14), np.float64(0.14), np.float64(0.14), np.float64(0.14), np.float64(0.14), np.float64(0.14), np.float64(0.14), np.float64(0.14), np.float64(0.14), np.float64(0.14), np.float64(0.142), np.float64(0.146), np.float64(0.165), np.float64(0.232), np.float64(0.396), np.float64(0.593), np.float64(0.696), np.float64(0.729), np.float64(0.737), np.float64(0.739), np.float64(0.74), np.float64(0.74), np.float64(0.74), np.float64(0.74), np.float64(0.74), np.float64(0.74), np.float64(0.74), np.float64(0.74), np.float64(0.74), np.float64(0.74), np.float64(0.74), np.float64(0.74), np.float64(0.74), np.float64(0.74), np.float64(0.74), np.float64(0.74), np.float64(0.74), np.float64(0.74), np.float64(0.74), np.float64(0.74), np.float64(0.74), np.float64(0.74), np.float64(0.74), np.float64(0.74), np.float64(0.74), np.float64(0.74), np.float64(0.74), np.float64(0.74), np.float64(0.74), np.float64(0.74), np.float64(0.74), np.float64(0.74), np.float64(0.74), np.float64(0.74), np.float64(0.74), np.float64(0.74), np.float64(0.74), np.float64(0.74), np.float64(0.74), np.float64(0.74), np.float64(0.74), np.float64(0.74), np.float64(0.74), np.float64(0.74)], params=[np.float64(1.0), np.float64(1.0), np.float64(0.14), np.float64(0.26)], fit_error=[np.float64(0.019), np.float64(0.026)])",[-70.  70.],"[np.float64(0.137), np.float64(0.737)]","[np.float64(0.14), np.float64(0.14), np.float64(0.14), np.float64(0.14), np.float64(0.14), np.float64(0.14), np.float64(0.14), np.float64(0.14), np.float64(0.14), np.float64(0.14), np.float64(0.14), np.float64(0.14), np.float64(0.14), np.float64(0.14), np.float64(0.14), np.float64(0.14), np.float64(0.14), np.float64(0.14), np.float64(0.14), np.float64(0.14), np.float64(0.14), np.float64(0.14), np.float64(0.14), np.float64(0.14), np.float64(0.14), np.float64(0.14), np.float64(0.14), np.float64(0.14), np.float64(0.14), np.float64(0.14), np.float64(0.14), np.float64(0.14), np.float64(0.14), np.float64(0.14), np.float64(0.14), np.float64(0.14), np.float64(0.14), np.float64(0.14), np.float64(0.14), np.float64(0.14), np.float64(0.14), np.float64(0.14), np.float64(0.14), np.float64(0.14), np.float64(0.14), np.float64(0.14), np.float64(0.142), np.float64(0.146), np.float64(0.165), np.float64(0.232), np.float64(0.396), np.float64(0.593), np.float64(0.696), np.float64(0.729), np.float64(0.737), np.float64(0.739), np.float64(0.74), np.float64(0.74), np.float64(0.74), np.float64(0.74), np.float64(0.74), np.float64(0.74), np.float64(0.74), np.float64(0.74), np.float64(0.74), np.float64(0.74), np.float64(0.74), np.float64(0.74), np.float64(0.74), np.float64(0.74), np.float64(0.74), np.float64(0.74), np.float64(0.74), np.float64(0.74), np.float64(0.74), np.float64(0.74), np.float64(0.74), np.float64(0.74), np.float64(0.74), np.float64(0.74), np.float64(0.74), np.float64(0.74), np.float64(0.74), np.float64(0.74), np.float64(0.74), np.float64(0.74), np.float64(0.74), np.float64(0.74), np.float64(0.74), np.float64(0.74), np.float64(0.74), np.float64(0.74), np.float64(0.74), np.float64(0.74), np.float64(0.74), np.float64(0.74), np.float64(0.74), np.float64(0.74), np.float64(0.74), np.float64(0.74)]","[np.float64(0.019), np.float64(0.026)]","[np.float64(1.0), np.float64(1.0), np.float64(0.14), np.float64(0.26)]",1.0,1.0,0.14,0.26,"psych_curve(xdata=array([-70.,  70.]), ydata=[np.float64(0.343), np.float64(0.949)], fit=[np.float64(nan), np.float64(nan), np.float64(nan), np.float64(nan), np.float64(nan), np.float64(nan), np.float64(nan), np.float64(nan), np.float64(nan), np.float64(nan), np.float64(nan), np.float64(nan), np.float64(nan), np.float64(nan), np.float64(nan), np.float64(nan), np.float64(nan), np.float64(nan), np.float64(nan), np.float64(nan), np.float64(nan), np.float64(nan), np.float64(nan), np.float64(nan), np.float64(nan), np.float64(nan), np.float64(nan), np.float64(nan), np.float64(nan), np.float64(nan), np.float64(nan), np.float64(nan), np.float64(nan), np.float64(nan), np.float64(nan), np.float64(nan), np.float64(nan), np.float64(nan), np.float64(nan), np.float64(nan), np.float64(nan), np.float64(nan), np.float64(nan), np.float64(nan), np.float64(nan), np.float64(nan), np.float64(nan), np.float64(nan), np.float64(nan), np.float64(nan), np.float64(nan), np.float64(nan), np.float64(nan), np.float64(nan), np.float64(nan), np.float64(nan), np.float64(nan), np.float64(nan), np.float64(nan), np.float64(nan), np.float64(nan), np.float64(nan), np.float64(nan), np.float64(nan), np.float64(nan), np.float64(nan), np.float64(nan), np.float64(nan), np.float64(nan), np.float64(nan), np.float64(nan), np.float64(nan), np.float64(nan), np.float64(nan), np.float64(nan), np.float64(nan), np.float64(nan), np.float64(nan), np.float64(nan), np.float64(nan), np.float64(nan), np.float64(nan), np.float64(nan), np.float64(nan), np.float64(nan), np.float64(nan), np.float64(nan), np.float64(nan), np.float64(nan), np.float64(nan), np.float64(nan), np.float64(nan), np.float64(nan), np.float64(nan), np.float64(nan), np.float64(nan), np.float64(nan), np.float64(nan), np.float64(nan), np.float64(nan)], params=[np.float64(1.0), np.float64(1.0), np.float64(0.34), np.float64(0.05)], fit_error=[np.float64(0.027), np.float64(0.013)])",[-70.  70.],"[np.float64(0.137), np.float64(0.737)]","[np.float64(0.14), np.float64(0.14), np.float64(0.14), np.float64(0.14), np.float64(0.14), np.float64(0.14), np.float64(0.14), np.float64(0.14), np.float64(0.14), np.float64(0.14), np.float64(0.14), np.float64(0.14), np.float64(0.14), np.float64(0.14), np.float64(0.14), np.float64(0.14), np.float64(0.14), np.float64(0.14), np.float64(0.14), np.float64(0.14), np.float64(0.14), np.float64(0.14), np.float64(0.14), np.float64(0.14), np.float64(0.14), np.float64(0.14), np.float64(0.14), np.float64(0.14), np.float64(0.14), np.float64(0.14), np.float64(0.14), np.float64(0.14), np.float64(0.14), np.float64(0.14), np.float64(0.14), np.float64(0.14), np.float64(0.14), np.float64(0.14), np.float64(0.14), np.float64(0.14), np.float64(0.14), np.float64(0.14), np.float64(0.14), np.float64(0.14), np.float64(0.14), np.float64(0.14), np.float64(0.142), np.float64(0.146), np.float64(0.165), np.float64(0.232), np.float64(0.396), np.float64(0.593), np.float64(0.696), np.float64(0.729), np.float64(0.737), np.float64(0.739), np.float64(0.74), np.float64(0.74), np.float64(0.74), np.float64(0.74), np.float64(0.74), np.float64(0.74), np.float64(0.74), np.float64(0.74), np.float64(0.74), np.float64(0.74), np.float64(0.74), np.float64(0.74), np.float64(0.74), np.float64(0.74), np.float64(0.74), np.float64(0.74), np.float64(0.74), np.float64(0.74), np.float64(0.74), np.float64(0.74), np.float64(0.74), np.float64(0.74), np.float64(0.74), np.float64(0.74), np.float64(0.74), np.float64(0.74), np.float64(0.74), np.float64(0.74), np.float64(0.74), np.float64(0.74), np.float64(0.74), np.float64(0.74), np.float64(0.74), np.float64(0.74), np.float64(0.74), np.float64(0.74), np.float64(0.74), np.float64(0.74), np.float64(0.74), np.float64(0.74), np.float64(0.74), np.float64(0.74), np.float64(0.74), np.float64(0.74)]","[np.float64(0.019), np.float64(0.026)]","[np.float64(1.0), np.float64(1.0), np.float64(0.34), np.float64(0.05)]",1.0,1.0,0.34,0.05,
2022-02-02,2,116,334,Bpod6,538,275,263,267,255,431,221,210,254,169,91,45,46,0.8011152416356877,0.8036363636363636,0.7984790874524715,522,266,256,321,170,151,0.6367041198501873,0.592156862745098,190,96,94,0.3595505617977528,0.3686274509803922,0.8256704980842912,0.8308270676691729,0.8203125,0.8256704980842912,-0.010514567669172914,0.7912772585669782,0.8894736842105263,-0.09819642564354814,0.6144304912976426,0.3640890063890725,16,9,7,0.02973977695167286,0.03272727272727273,0.026615969581749048,431,221,210,1077.5,552.5,525.0,2.0,0,0,0,0.0,,"psych_curve(xdata=array([-70.,  70.]), ydata=[np.float64(0.169), np.float64(0.82)], fit=[np.float64(0.17), np.float64(0.17), np.float64(0.17), np.float64(0.17), np.float64(0.17), np.float64(0.17), np.float64(0.17), np.float64(0.17), np.float64(0.17), np.float64(0.17), np.float64(0.17), np.float64(0.17), np.float64(0.17), np.float64(0.17), np.float64(0.17), np.float64(0.17), np.float64(0.17), np.float64(0.17), np.float64(0.17), np.float64(0.17), np.float64(0.17), np.float64(0.17), np.float64(0.17), np.float64(0.17), np.float64(0.17), np.float64(0.17), np.float64(0.17), np.float64(0.17), np.float64(0.17), np.float64(0.17), np.float64(0.17), np.float64(0.17), np.float64(0.17), np.float64(0.17), np.float64(0.17), np.float64(0.17), np.float64(0.17), np.float64(0.17), np.float64(0.17), np.float64(0.17), np.float64(0.17), np.float64(0.17), np.float64(0.17), np.float64(0.17), np.float64(0.17), np.float64(0.17), np.float64(0.172), np.float64(0.177), np.float64(0.197), np.float64(0.27), np.float64(0.448), np.float64(0.66), np.float64(0.772), np.float64(0.808), np.float64(0.817), np.float64(0.819), np.float64(0.82), np.float64(0.82), np.float64(0.82), np.float64(0.82), np.float64(0.82), np.float64(0.82), np.float64(0.82), np.float64(0.82), np.float64(0.82), np.float64(0.82), np.float64(0.82), np.float64(0.82), np.float64(0.82), np.float64(0.82), np.float64(0.82), np.float64(0.82), np.float64(0.82), np.float64(0.82), np.float64(0.82), np.float64(0.82), np.float64(0.82), np.float64(0.82), np.float64(0.82), np.float64(0.82), np.float64(0.82), np.float64(0.82), np.float64(0.82), np.float64(0.82), np.float64(0.82), np.float64(0.82), np.float64(0.82), np.float64(0.82), np.float64(0.82), np.float64(0.82), np.float64(0.82), np.float64(0.82), np.float64(0.82), np.float64(0.82), np.float64(0.82), np.float64(0.82), np.float64(0.82), np.float64(0.82), np.float64(0.82), np.float64(0.82)], params=[np.float64(1.0), np.float64(1.0), np.float64(0.17), np.float64(0.18)], fit_error=[np.float64(0.023), np.float64(0.024)])",[-70.  70.],"[np.float64(0.169), np.float64(0.82)]","[np.float64(0.17), np.float64(0.17), np.float64(0.17), np.float64(0.17), np.float64(0.17), np.float64(0.17), np.float64(0.17), np.float64(0.17), np.float64(0.17), np.float64(0.17), np.float64(0.17), np.float64(0.17), np.float64(0.17), np.float64(0.17), np.float64(0.17), np.float64(0.17), np.float64(0.17), np.float64(0.17), np.float64(0.17), np.float64(0.17), np.float64(0.17), np.float64(0.17), np.float64(0.17), np.float64(0.17), np.float64(0.17), np.float64(0.17), np.float64(0.17), np.float64(0.17), np.float64(0.17), np.float64(0.17), np.float64(0.17), np.float64(0.17), np.float64(0.17), np.float64(0.17), np.float64(0.17), np.float64(0.17), np.float64(0.17), np.float64(0.17), np.float64(0.17), np.float64(0.17), np.float64(0.17), np.float64(0.17), np.float64(0.17), np.float64(0.17), np.float64(0.17), np.float64(0.17), np.float64(0.172), np.float64(0.177), np.float64(0.197), np.float64(0.27), np.float64(0.448), np.float64(0.66), np.float64(0.772), np.float64(0.808), np.float64(0.817), np.float64(0.819), np.float64(0.82), np.float64(0.82), np.float64(0.82), np.float64(0.82), np.float64(0.82), np.float64(0.82), np.float64(0.82), np.float64(0.82), np.float64(0.82), np.float64(0.82), np.float64(0.82), np.float64(0.82), np.float64(0.82), np.float64(0.82), np.float64(0.82), np.float64(0.82), np.float64(0.82), np.float64(0.82), np.float64(0.82), np.float64(0.82), np.float64(0.82), np.float64(0.82), np.float64(0.82), np.float64(0.82), np.float64(0.82), np.float64(0.82), np.float64(0.82), np.float64(0.82), np.float64(0.82), np.float64(0.82), np.float64(0.82), np.float64(0.82), np.float64(0.82), np.float64(0.82), np.float64(0.82), np.float64(0.82), np.float64(0.82), np.float64(0.82), np.float64(0.82), np.float64(0.82), np.float64(0.82), np.float64(0.82), np.float64(0.82), np.float64(0.82)]","[np.float64(0.023), np.float64(0.024)]","[np.float64(1.0), np.float64(1.0), np.float64(0.17), np.float64(0.18)]",1.0,1.0,0.17,0.18,"psych_curve(xdata=array([-70.,  70.]), ydata=[np.float64(0.284), np.float64(0.924)], fit=[np.float64(nan), np.float64(nan), np.float64(nan), np.float64(nan), np.float64(nan), np.float64(nan), np.float64(nan), np.float64(nan), np.float64(nan), np.float64(nan), np.float64(nan), np.float64(nan), np.float64(nan), np.float64(nan), np.float64(nan), np.float64(nan), np.float64(nan), np.float64(nan), np.float64(nan), np.float64(nan), np.float64(nan), np.float64(nan), np.float64(nan), np.float64(nan), np.float64(nan), np.float64(nan), np.float64(nan), np.float64(nan), np.float64(nan), np.float64(nan), np.float64(nan), np.float64(nan), np.float64(nan), np.float64(nan), np.float64(nan), np.float64(nan), np.float64(nan), np.float64(nan), np.float64(nan), np.float64(nan), np.float64(nan), np.float64(nan), np.float64(nan), np.float64(nan), np.float64(nan), np.float64(nan), np.float64(nan), np.float64(nan), np.float64(nan), np.float64(nan), np.float64(nan), np.float64(nan), np.float64(nan), np.float64(nan), np.float64(nan), np.float64(nan), np.float64(nan), np.float64(nan), np.float64(nan), np.float64(nan), np.float64(nan), np.float64(nan), np.float64(nan), np.float64(nan), np.float64(nan), np.float64(nan), np.float64(nan), np.float64(nan), np.float64(nan), np.float64(nan), np.float64(nan), np.float64(nan), np.float64(nan), np.float64(nan), np.float64(nan), np.float64(nan), np.float64(nan), np.float64(nan), np.float64(nan), np.float64(nan), np.float64(nan), np.float64(nan), np.float64(nan), np.float64(nan), np.float64(nan), np.float64(nan), np.float64(nan), np.float64(nan), np.float64(nan), np.float64(nan), np.float64(nan), np.float64(nan), np.float64(nan), np.float64(nan), np.float64(nan), np.float64(nan), np.float64(nan), np.float64(nan), np.float64(nan), np.float64(nan)], params=[np.float64(1.0), np.float64(1.0), np.float64(0.28), np.float64(0.08)], fit_error=[np.float64(0.029), np.float64(0.016)])",[-70.  70.],"[np.float64(0.169), np.float64(0.82)]","[np.float64(0.17), np.float64(0.17), np.float64(0.17), np.float64(0.17), np.float64(0.17), np.float64(0.17), np.float64(0.17), np.float64(0.17), np.float64(0.17), np.float64(0.17), np.float64(0.17), np.float64(0.17), np.float64(0.17), np.float64(0.17), np.float64(0.17), np.float64(0.17), np.float64(0.17), np.float64(0.17), np.float64(0.17), np.float64(0.17), np.float64(0.17), np.float64(0.17), np.float64(0.17), np.float64(0.17), np.float64(0.17), np.float64(0.17), np.float64(0.17), np.float64(0.17), np.float64(0.17), np.float64(0.17), np.float64(0.17), np.float64(0.17), np.float64(0.17), np.float64(0.17), np.float64(0.17), np.float64(0.17), np.float64(0.17), np.float64(0.17), np.float64(0.17), np.float64(0.17), np.float64(0.17), np.float64(0.17), np.float64(0.17), np.float64(0.17), np.float64(0.17), np.float64(0.17), np.float64(0.172), np.float64(0.177), np.float64(0.197), np.float64(0.27), np.float64(0.448), np.float64(0.66), np.float64(0.772), np.float64(0.808), np.float64(0.817), np.float64(0.819), np.float64(0.82), np.float64(0.82), np.float64(0.82), np.float64(0.82), np.float64(0.82), np.float64(0.82), np.float64(0.82), np.float64(0.82), np.float64(0.82), np.float64(0.82), np.float64(0.82), np.float64(0.82), np.float64(0.82), np.float64(0.82), np.float64(0.82), np.float64(0.82), np.float64(0.82), np.float64(0.82), np.float64(0.82), np.float64(0.82), np.float64(0.82), np.float64(0.82), np.float64(0.82), np.float64(0.82), np.float64(0.82), np.float64(0.82), np.float64(0.82), np.float64(0.82), np.float64(0.82), np.float64(0.82), np.float64(0.82), np.float64(0.82), np.float64(0.82), np.float64(0.82), np.float64(0.82), np.float64(0.82), np.float64(0.82), np.float64(0.82), np.float64(0.82), np.float64(0.82), np.float64(0.82), np.float64(0.82), np.float64(0.82), np.float64(0.82)]","[np.float64(0.023), np.float64(0.024)]","[np.float64(1.0), np.float64(1.0), np.float64(0.28), np.float64(0.08)]",1.0,1.0,0.28,0.08,
2022-02-03,3,117,334,Bpod6,480,242,238,198,273,410,187,223,206,202,61,50,11,0.8541666666666666,0.7727272727272727,0.9369747899159664,471,237,234,252,89,163,0.4494949494949495,0.5970695970695971,217,108,109,0.5454545454545454,0.3992673992673993,0.8704883227176221,0.7890295358649789,0.9529914529914529,0.8704883227176221,0.163961917126474,0.8174603174603174,0.9308755760368663,-0.11341525857654888,0.5232822732822733,0.47236097236097235,9,5,4,0.01875,0.02066115702479339,0.01680672268907563,410,187,223,1025.0,467.5,557.5,2.0,0,0,0,0.0,,"psych_curve(xdata=array([-70.,  70.]), ydata=[np.float64(0.211), np.float64(0.953)], fit=[np.float64(0.21), np.float64(0.21), np.float64(0.21), np.float64(0.21), np.float64(0.21), np.float64(0.21), np.float64(0.21), np.float64(0.21), np.float64(0.21), np.float64(0.21), np.float64(0.21), np.float64(0.21), np.float64(0.21), np.float64(0.21), np.float64(0.21), np.float64(0.21), np.float64(0.21), np.float64(0.21), np.float64(0.21), np.float64(0.21), np.float64(0.21), np.float64(0.21), np.float64(0.21), np.float64(0.21), np.float64(0.21), np.float64(0.21), np.float64(0.21), np.float64(0.21), np.float64(0.21), np.float64(0.21), np.float64(0.21), np.float64(0.21), np.float64(0.21), np.float64(0.21), np.float64(0.21), np.float64(0.21), np.float64(0.21), np.float64(0.21), np.float64(0.21), np.float64(0.21), np.float64(0.21), np.float64(0.21), np.float64(0.21), np.float64(0.21), np.float64(0.21), np.float64(0.21), np.float64(0.212), np.float64(0.218), np.float64(0.241), np.float64(0.324), np.float64(0.526), np.float64(0.768), np.float64(0.896), np.float64(0.936), np.float64(0.947), np.float64(0.949), np.float64(0.95), np.float64(0.95), np.float64(0.95), np.float64(0.95), np.float64(0.95), np.float64(0.95), np.float64(0.95), np.float64(0.95), np.float64(0.95), np.float64(0.95), np.float64(0.95), np.float64(0.95), np.float64(0.95), np.float64(0.95), np.float64(0.95), np.float64(0.95), np.float64(0.95), np.float64(0.95), np.float64(0.95), np.float64(0.95), np.float64(0.95), np.float64(0.95), np.float64(0.95), np.float64(0.95), np.float64(0.95), np.float64(0.95), np.float64(0.95), np.float64(0.95), np.float64(0.95), np.float64(0.95), np.float64(0.95), np.float64(0.95), np.float64(0.95), np.float64(0.95), np.float64(0.95), np.float64(0.95), np.float64(0.95), np.float64(0.95), np.float64(0.95), np.float64(0.95), np.float64(0.95), np.float64(0.95), np.float64(0.95), np.float64(0.95)], params=[np.float64(1.0), np.float64(1.0), np.float64(0.21), np.float64(0.05)], fit_error=[np.float64(0.027), np.float64(0.014)])",[-70.  70.],"[np.float64(0.211), np.float64(0.953)]","[np.float64(0.21), np.float64(0.21), np.float64(0.21), np.float64(0.21), np.float64(0.21), np.float64(0.21), np.float64(0.21), np.float64(0.21), np.float64(0.21), np.float64(0.21), np.float64(0.21), np.float64(0.21), np.float64(0.21), np.float64(0.21), np.float64(0.21), np.float64(0.21), np.float64(0.21), np.float64(0.21), np.float64(0.21), np.float64(0.21), np.float64(0.21), np.float64(0.21), np.float64(0.21), np.float64(0.21), np.float64(0.21), np.float64(0.21), np.float64(0.21), np.float64(0.21), np.float64(0.21), np.float64(0.21), np.float64(0.21), np.float64(0.21), np.float64(0.21), np.float64(0.21), np.float64(0.21), np.float64(0.21), np.float64(0.21), np.float64(0.21), np.float64(0.21), np.float64(0.21), np.float64(0.21), np.float64(0.21), np.float64(0.21), np.float64(0.21), np.float64(0.21), np.float64(0.21), np.float64(0.212), np.float64(0.218), np.float64(0.241), np.float64(0.324), np.float64(0.526), np.float64(0.768), np.float64(0.896), np.float64(0.936), np.float64(0.947), np.float64(0.949), np.float64(0.95), np.float64(0.95), np.float64(0.95), np.float64(0.95), np.float64(0.95), np.float64(0.95), np.float64(0.95), np.float64(0.95), np.float64(0.95), np.float64(0.95), np.float64(0.95), np.float64(0.95), np.float64(0.95), np.float64(0.95), np.float64(0.95), np.float64(0.95), np.float64(0.95), np.float64(0.95), np.float64(0.95), np.float64(0.95), np.float64(0.95), np.float64(0.95), np.float64(0.95), np.float64(0.95), np.float64(0.95), np.float64(0.95), np.float64(0.95), np.float64(0.95), np.float64(0.95), np.float64(0.95), np.float64(0.95), np.float64(0.95), np.float64(0.95), np.float64(0.95), np.float64(0.95), np.float64(0.95), np.float64(0.95), np.float64(0.95), np.float64(0.95), np.float64(0.95), np.float64(0.95), np.float64(0.95), np.float64(0.95), np.float64(0.95)]","[np.float64(0.027), np.float64(0.014)]","[np.float64(1.0), np.float64(1.0), np.float64(0.21), np.float64(0.05)]",1.0,1.0,0.21,0.05,"psych_curve(xdata=array([-70.,  70.]), ydata=[np.float64(0.185), np.float64(0.932)], fit=[np.float64(nan), np.float64(nan), np.float64(nan), np.float64(nan), np.float64(nan), np.float64(nan), np.float64(nan), np.float64(nan), np.float64(nan), np.float64(nan), np.float64(nan), np.float64(nan), np.float64(nan), np.float64(nan), np.float64(nan), np.float64(nan), np.float64(nan), np.float64(nan), np.float64(nan), np.float64(nan), np.float64(nan), np.float64(nan), np.float64(nan), np.float64(nan), np.float64(nan), np.float64(nan), np.float64(nan), np.float64(nan), np.float64(nan), np.float64(nan), np.float64(nan), np.float64(nan), np.float64(nan), np.float64(nan), np.float64(nan), np.float64(nan), np.float64(nan), np.float64(nan), np.float64(nan), np.float64(nan), np.float64(nan), np.float64(nan), np.float64(nan), np.float64(nan), np.float64(nan), np.float64(nan), np.float64(nan), np.float64(nan), np.float64(nan), np.float64(nan), np.float64(nan), np.float64(nan), np.float64(nan), np.float64(nan), np.float64(nan), np.float64(nan), np.float64(nan), np.float64(nan), np.float64(nan), np.float64(nan), np.float64(nan), np.float64(nan), np.float64(nan), np.float64(nan), np.float64(nan), np.float64(nan), np.float64(nan), np.float64(nan), np.float64(nan), np.float64(nan), np.float64(nan), np.float64(nan), np.float64(nan), np.float64(nan), np.float64(nan), np.float64(nan), np.float64(nan), np.float64(nan), np.float64(nan), np.float64(nan), np.float64(nan), np.float64(nan), np.float64(nan), np.float64(nan), np.float64(nan), np.float64(nan), np.float64(nan), np.float64(nan), np.float64(nan), np.float64(nan), np.float64(nan), np.float64(nan), np.float64(nan), np.float64(nan), np.float64(nan), np.float64(nan), np.float64(nan), np.float64(nan), np.float64(nan), np.float64(nan)], params=[np.float64(1.0), np.float64(1.0), np.float64(0.18), np.float64(0.07)], fit_error=[np.float64(0.025), np.float64(0.017)])",[-70.  70.],"[np.float64(0.211), np.float64(0.953)]","[np.float64(0.21), np.float64(0.21), np.float64(0.21), np.float64(0.21), np.float64(0.21), np.float64(0.21), np.float64(0.21), np.float64(0.21), np.float64(0.21), np.float64(0.21), np.float64(0.21), np.float64(0.21), np.float64(0.21), np.float64(0.21), np.float64(0.21), np.float64(0.21), np.float64(0.21), np.float64(0.21), np.float64(0.21), np.float64(0.21), np.float64(0.21), np.float64(0.21), np.float64(0.21), np.float64(0.21), np.float64(0.21), np.float64(0.21), np.float64(0.21), np.float64(0.21), np.float64(0.21), np.float64(0.21), np.float64(0.21), np.float64(0.21), np.float64(0.21), np.float64(0.21), np.float64(0.21), np.float64(0.21), np.float64(0.21), np.float64(0.21), np.float64(0.21), np.float64(0.21), np.float64(0.21), np.float64(0.21), np.float64(0.21), np.float64(0.21), np.float64(0.21), np.float64(0.21), np.float64(0.212), np.float64(0.218), np.float64(0.241), np.float64(0.324), np.float64(0.526), np.float64(0.768), np.float64(0.896), np.float64(0.936), np.float64(0.947), np.float64(0.949), np.float64(0.95), np.float64(0.95), np.float64(0.95), np.float64(0.95), np.float64(0.95), np.float64(0.95), np.float64(0.95), np.float64(0.95), np.float64(0.95), np.float64(0.95), np.float64(0.95), np.float64(0.95), np.float64(0.95), np.float64(0.95), np.float64(0.95), np.float64(0.95), np.float64(0.95), np.float64(0.95), np.float64(0.95), np.float64(0.95), np.float64(0.95), np.float64(0.95), np.float64(0.95), np.float64(0.95), np.float64(0.95), np.float64(0.95), np.float64(0.95), np.float64(0.95), np.float64(0.95), np.float64(0.95), np.float64(0.95), np.float64(0.95), np.float64(0.95), np.float64(0.95), np.float64(0.95), np.float64(0.95), np.float64(0.95), np.float64(0.95), np.float64(0.95), np.float64(0.95), np.float64(0.95), np.float64(0.95), np.float64(0.95), np.float64(0.95)]","[np.float64(0.027), np.float64(0.014)]","[np.float64(1.0), np.float64(1.0), np.float64(0.18), np.float64(0.07)]",1.0,1.0,0.18,0.07,
2022-02-04,4,118,334,Bpod6,357,181,176,137,220,305,133,172,163,141,52,48,4,0.8543417366946778,0.7348066298342542,0.9772727272727273,357,181,176,212,65,147,0.4744525547445255,0.6681818181818182,144,72,72,0.5255474452554745,0.32727272727272727,0.8543417366946778,0.7348066298342542,0.9772727272727273,0.8543417366946778,0.24246609743847314,0.7688679245283019,0.9791666666666666,-0.21029874213836475,0.5713171864631719,0.4264100862641009,0,0,0,0.0,0.0,0.0,305,133,172,762.5,332.5,430.0,2.0,0,0,0,0.0,,"psych_curve(xdata=array([-70.,  70.]), ydata=[np.float64(0.265), np.float64(0.977)], fit=[np.float64(0.26), np.float64(0.26), np.float64(0.26), np.float64(0.26), np.float64(0.26), np.float64(0.26), np.float64(0.26), np.float64(0.26), np.float64(0.26), np.float64(0.26), np.float64(0.26), np.float64(0.26), np.float64(0.26), np.float64(0.26), np.float64(0.26), np.float64(0.26), np.float64(0.26), np.float64(0.26), np.float64(0.26), np.float64(0.26), np.float64(0.26), np.float64(0.26), np.float64(0.26), np.float64(0.26), np.float64(0.26), np.float64(0.26), np.float64(0.26), np.float64(0.26), np.float64(0.26), np.float64(0.26), np.float64(0.26), np.float64(0.26), np.float64(0.26), np.float64(0.26), np.float64(0.26), np.float64(0.26), np.float64(0.26), np.float64(0.26), np.float64(0.26), np.float64(0.26), np.float64(0.26), np.float64(0.26), np.float64(0.26), np.float64(0.26), np.float64(0.26), np.float64(0.26), np.float64(0.262), np.float64(0.268), np.float64(0.29), np.float64(0.371), np.float64(0.568), np.float64(0.803), np.float64(0.927), np.float64(0.966), np.float64(0.977), np.float64(0.979), np.float64(0.98), np.float64(0.98), np.float64(0.98), np.float64(0.98), np.float64(0.98), np.float64(0.98), np.float64(0.98), np.float64(0.98), np.float64(0.98), np.float64(0.98), np.float64(0.98), np.float64(0.98), np.float64(0.98), np.float64(0.98), np.float64(0.98), np.float64(0.98), np.float64(0.98), np.float64(0.98), np.float64(0.98), np.float64(0.98), np.float64(0.98), np.float64(0.98), np.float64(0.98), np.float64(0.98), np.float64(0.98), np.float64(0.98), np.float64(0.98), np.float64(0.98), np.float64(0.98), np.float64(0.98), np.float64(0.98), np.float64(0.98), np.float64(0.98), np.float64(0.98), np.float64(0.98), np.float64(0.98), np.float64(0.98), np.float64(0.98), np.float64(0.98), np.float64(0.98), np.float64(0.98), np.float64(0.98), np.float64(0.98), np.float64(0.98)], params=[np.float64(1.0), np.float64(1.0), np.float64(0.26), np.float64(0.02)], fit_error=[np.float64(0.033), np.float64(0.011)])",[-70.  70.],"[np.float64(0.265), np.float64(0.977)]","[np.float64(0.26), np.float64(0.26), np.float64(0.26), np.float64(0.26), np.float64(0.26), np.float64(0.26), np.float64(0.26), np.float64(0.26), np.float64(0.26), np.float64(0.26), np.float64(0.26), np.float64(0.26), np.float64(0.26), np.float64(0.26), np.float64(0.26), np.float64(0.26), np.float64(0.26), np.float64(0.26), np.float64(0.26), np.float64(0.26), np.float64(0.26), np.float64(0.26), np.float64(0.26), np.float64(0.26), np.float64(0.26), np.float64(0.26), np.float64(0.26), np.float64(0.26), np.float64(0.26), np.float64(0.26), np.float64(0.26), np.float64(0.26), np.float64(0.26), np.float64(0.26), np.float64(0.26), np.float64(0.26), np.float64(0.26), np.float64(0.26), np.float64(0.26), np.float64(0.26), np.float64(0.26), np.float64(0.26), np.float64(0.26), np.float64(0.26), np.float64(0.26), np.float64(0.26), np.float64(0.262), np.float64(0.268), np.float64(0.29), np.float64(0.371), np.float64(0.568), np.float64(0.803), np.float64(0.927), np.float64(0.966), np.float64(0.977), np.float64(0.979), np.float64(0.98), np.float64(0.98), np.float64(0.98), np.float64(0.98), np.float64(0.98), np.float64(0.98), np.float64(0.98), np.float64(0.98), np.float64(0.98), np.float64(0.98), np.float64(0.98), np.float64(0.98), np.float64(0.98), np.float64(0.98), np.float64(0.98), np.float64(0.98), np.float64(0.98), np.float64(0.98), np.float64(0.98), np.float64(0.98), np.float64(0.98), np.float64(0.98), np.float64(0.98), np.float64(0.98), np.float64(0.98), np.float64(0.98), np.float64(0.98), np.float64(0.98), np.float64(0.98), np.float64(0.98), np.float64(0.98), np.float64(0.98), np.float64(0.98), np.float64(0.98), np.float64(0.98), np.float64(0.98), np.float64(0.98), np.float64(0.98), np.float64(0.98), np.float64(0.98), np.float64(0.98), np.float64(0.98), np.float64(0.98), np.float64(0.98)]","[np.float64(0.033), np.float64(0.011)]","[np.float64(1.0), np.float64(1.0), np.float64(0.26), np.float64(0.02)]",1.0,1.0,0.26,0.02,"psych_curve(xdata=array([-70.,  70.]), ydata=[np.float64(0.258), np.float64(0.982)], fit=[np.float64(nan), np.float64(nan), np.float64(nan), np.float64(nan), np.float64(nan), np.float64(nan), np.float64(nan), np.float64(nan), np.float64(nan), np.float64(nan), np.float64(nan), np.float64(nan), np.float64(nan), np.float64(nan), np.float64(nan), np.float64(nan), np.float64(nan), np.float64(nan), np.float64(nan), np.float64(nan), np.float64(nan), np.float64(nan), np.float64(nan), np.float64(nan), np.float64(nan), np.float64(nan), np.float64(nan), np.float64(nan), np.float64(nan), np.float64(nan), np.float64(nan), np.float64(nan), np.float64(nan), np.float64(nan), np.float64(nan), np.float64(nan), np.float64(nan), np.float64(nan), np.float64(nan), np.float64(nan), np.float64(nan), np.float64(nan), np.float64(nan), np.float64(nan), np.float64(nan), np.float64(nan), np.float64(nan), np.float64(nan), np.float64(nan), np.float64(nan), np.float64(nan), np.float64(nan), np.float64(nan), np.float64(nan), np.float64(nan), np.float64(nan), np.float64(nan), np.float64(nan), np.float64(nan), np.float64(nan), np.float64(nan), np.float64(nan), np.float64(nan), np.float64(nan), np.float64(nan), np.float64(nan), np.float64(nan), np.float64(nan), np.float64(nan), np.float64(nan), np.float64(nan), np.float64(nan), np.float64(nan), np.float64(nan), np.float64(nan), np.float64(nan), np.float64(nan), np.float64(nan), np.float64(nan), np.float64(nan), np.float64(nan), np.float64(nan), np.float64(nan), np.float64(nan), np.float64(nan), np.float64(nan), np.float64(nan), np.float64(nan), np.float64(nan), np.float64(nan), np.float64(nan), np.float64(nan), np.float64(nan), np.float64(nan), np.float64(nan), np.float64(nan), np.float64(nan), np.float64(nan), np.float64(nan), np.float64(nan)], params=[np.float64(1.0), np.float64(1.0), np.float64(0.26), np.float64(0.02)], fit_error=[np.float64(0.032), np.float64(0.01)])",[-70.  70.],"[np.float64(0.265), np.float64(0.977)]","[np.float64(0.26), np.float64(0.26), np.float64(0.26), np.float64(0.26), np.float64(0.26), np.float64(0.26), np.float64(0.26), np.float64(0.26), np.float64(0.26), np.float64(0.26), np.float64(0.26), np.float64(0.26), np.float64(0.26), np.float64(0.26), np.float64(0.26), np.float64(0.26), np.float64(0.26), np.float64(0.26), np.float64(0.26), np.float64(0.26), np.float64(0.26), np.float64(0.26), np.float64(0.26), np.float64(0.26), np.float64(0.26), np.float64(0.26), np.float64(0.26), np.float64(0.26), np.float64(0.26), np.float64(0.26), np.float64(0.26), np.float64(0.26), np.float64(0.26), np.float64(0.26), np.float64(0.26), np.float64(0.26), np.float64(0.26), np.float64(0.26), np.float64(0.26), np.float64(0.26), np.float64(0.26), np.float64(0.26), np.float64(0.26), np.float64(0.26), np.float64(0.26), np.float64(0.26), np.float64(0.262), np.float64(0.268), np.float64(0.29), np.float64(0.371), np.float64(0.568), np.float64(0.803), np.float64(0.927), np.float64(0.966), np.float64(0.977), np.float64(0.979), np.float64(0.98), np.float64(0.98), np.float64(0.98), np.float64(0.98), np.float64(0.98), np.float64(0.98), np.float64(0.98), np.float64(0.98), np.float64(0.98), np.float64(0.98), np.float64(0.98), np.float64(0.98), np.float64(0.98), np.float64(0.98), np.float64(0.98), np.float64(0.98), np.float64(0.98), np.float64(0.98), np.float64(0.98), np.float64(0.98), np.float64(0.98), np.float64(0.98), np.float64(0.98), np.float64(0.98), np.float64(0.98), np.float64(0.98), np.float64(0.98), np.float64(0.98), np.float64(0.98), np.float64(0.98), np.float64(0.98), np.float64(0.98), np.float64(0.98), np.float64(0.98), np.float64(0.98), np.float64(0.98), np.float64(0.98), np.float64(0.98), np.float64(0.98), np.float64(0.98), np.float64(0.98), np.float64(0.98), np.float64(0.98), np.float64(0.98)]","[np.float64(0.033), np.float64(0.011)]","[np.float64(1.0), np.float64(1.0), np.float64(0.26), np.float64(0.02)]",1.0,1.0,0.26,0.02,
2022-02-07,0,121,334,Bpod6,550,257,293,191,326,381,150,231,219,149,136,95,41,0.6927272727272727,0.5836575875486382,0.78839590443686,517,245,272,315,91,224,0.47643979057591623,0.6871165644171779,187,93,94,0.4869109947643979,0.2883435582822086,0.7369439071566731,0.6122448979591837,0.8492647058823529,0.7369439071566731,0.23701980792316923,0.6952380952380952,0.7967914438502673,-0.10155334861217213,0.5817781774965471,0.38762727652330325,33,12,21,0.06,0.04669260700389105,0.07167235494880546,381,150,231,952.5,375.0,577.5,2.0,0,0,0,0.0,,"psych_curve(xdata=array([-70.,  70.]), ydata=[np.float64(0.388), np.float64(0.849)], fit=[np.float64(0.39), np.float64(0.39), np.float64(0.39), np.float64(0.39), np.float64(0.39), np.float64(0.39), np.float64(0.39), np.float64(0.39), np.float64(0.39), np.float64(0.39), np.float64(0.39), np.float64(0.39), np.float64(0.39), np.float64(0.39), np.float64(0.39), np.float64(0.39), np.float64(0.39), np.float64(0.39), np.float64(0.39), np.float64(0.39), np.float64(0.39), np.float64(0.39), np.float64(0.39), np.float64(0.39), np.float64(0.39), np.float64(0.39), np.float64(0.39), np.float64(0.39), np.float64(0.39), np.float64(0.39), np.float64(0.39), np.float64(0.39), np.float64(0.39), np.float64(0.39), np.float64(0.39), np.float64(0.39), np.float64(0.39), np.float64(0.39), np.float64(0.39), np.float64(0.39), np.float64(0.39), np.float64(0.39), np.float64(0.39), np.float64(0.39), np.float64(0.39), np.float64(0.39), np.float64(0.391), np.float64(0.395), np.float64(0.409), np.float64(0.461), np.float64(0.587), np.float64(0.737), np.float64(0.816), np.float64(0.841), np.float64(0.848), np.float64(0.849), np.float64(0.85), np.float64(0.85), np.float64(0.85), np.float64(0.85), np.float64(0.85), np.float64(0.85), np.float64(0.85), np.float64(0.85), np.float64(0.85), np.float64(0.85), np.float64(0.85), np.float64(0.85), np.float64(0.85), np.float64(0.85), np.float64(0.85), np.float64(0.85), np.float64(0.85), np.float64(0.85), np.float64(0.85), np.float64(0.85), np.float64(0.85), np.float64(0.85), np.float64(0.85), np.float64(0.85), np.float64(0.85), np.float64(0.85), np.float64(0.85), np.float64(0.85), np.float64(0.85), np.float64(0.85), np.float64(0.85), np.float64(0.85), np.float64(0.85), np.float64(0.85), np.float64(0.85), np.float64(0.85), np.float64(0.85), np.float64(0.85), np.float64(0.85), np.float64(0.85), np.float64(0.85), np.float64(0.85), np.float64(0.85), np.float64(0.85)], params=[np.float64(1.0), np.float64(1.0), np.float64(0.39), np.float64(0.15)], fit_error=[np.float64(0.031), np.float64(0.022)])",[-70.  70.],"[np.float64(0.388), np.float64(0.849)]","[np.float64(0.39), np.float64(0.39), np.float64(0.39), np.float64(0.39), np.float64(0.39), np.float64(0.39), np.float64(0.39), np.float64(0.39), np.float64(0.39), np.float64(0.39), np.float64(0.39), np.float64(0.39), np.float64(0.39), np.float64(0.39), np.float64(0.39), np.float64(0.39), np.float64(0.39), np.float64(0.39), np.float64(0.39), np.float64(0.39), np.float64(0.39), np.float64(0.39), np.float64(0.39), np.float64(0.39), np.float64(0.39), np.float64(0.39), np.float64(0.39), np.float64(0.39), np.float64(0.39), np.float64(0.39), np.float64(0.39), np.float64(0.39), np.float64(0.39), np.float64(0.39), np.float64(0.39), np.float64(0.39), np.float64(0.39), np.float64(0.39), np.float64(0.39), np.float64(0.39), np.float64(0.39), np.float64(0.39), np.float64(0.39), np.float64(0.39), np.float64(0.39), np.float64(0.39), np.float64(0.391), np.float64(0.395), np.float64(0.409), np.float64(0.461), np.float64(0.587), np.float64(0.737), np.float64(0.816), np.float64(0.841), np.float64(0.848), np.float64(0.849), np.float64(0.85), np.float64(0.85), np.float64(0.85), np.float64(0.85), np.float64(0.85), np.float64(0.85), np.float64(0.85), np.float64(0.85), np.float64(0.85), np.float64(0.85), np.float64(0.85), np.float64(0.85), np.float64(0.85), np.float64(0.85), np.float64(0.85), np.float64(0.85), np.float64(0.85), np.float64(0.85), np.float64(0.85), np.float64(0.85), np.float64(0.85), np.float64(0.85), np.float64(0.85), np.float64(0.85), np.float64(0.85), np.float64(0.85), np.float64(0.85), np.float64(0.85), np.float64(0.85), np.float64(0.85), np.float64(0.85), np.float64(0.85), np.float64(0.85), np.float64(0.85), np.float64(0.85), np.float64(0.85), np.float64(0.85), np.float64(0.85), np.float64(0.85), np.float64(0.85), np.float64(0.85), np.float64(0.85), np.float64(0.85), np.float64(0.85)]","[np.float64(0.031), np.float64(0.022)]","[np.float64(1.0), np.float64(1.0), np.float64(0.39), np.float64(0.15)]",1.0,1.0,0.39,0.15,"psych_curve(xdata=array([-70.,  70.]), ydata=[np.float64(0.392), np.float64(0.852)], fit=[np.float64(nan), np.float64(nan), np.float64(nan), np.float64(nan), np.float64(nan), np.float64(nan), np.float64(nan), np.float64(nan), np.float64(nan), np.float64(nan), np.float64(nan), np.float64(nan), np.float64(nan), np.float64(nan), np.float64(nan), np.float64(nan), np.float64(nan), np.float64(nan), np.float64(nan), np.float64(nan), np.float64(nan), np.float64(nan), np.float64(nan), np.float64(nan), np.float64(nan), np.float64(nan), np.float64(nan), np.float64(nan), np.float64(nan), np.float64(nan), np.float64(nan), np.float64(nan), np.float64(nan), np.float64(nan), np.float64(nan), np.float64(nan), np.float64(nan), np.float64(nan), np.float64(nan), np.float64(nan), np.float64(nan), np.float64(nan), np.float64(nan), np.float64(nan), np.float64(nan), np.float64(nan), np.float64(nan), np.float64(nan), np.float64(nan), np.float64(nan), np.float64(nan), np.float64(nan), np.float64(nan), np.float64(nan), np.float64(nan), np.float64(nan), np.float64(nan), np.float64(nan), np.float64(nan), np.float64(nan), np.float64(nan), np.float64(nan), np.float64(nan), np.float64(nan), np.float64(nan), np.float64(nan), np.float64(nan), np.float64(nan), np.float64(nan), np.float64(nan), np.float64(nan), np.float64(nan), np.float64(nan), np.float64(nan), np.float64(nan), np.float64(nan), np.float64(nan), np.float64(nan), np.float64(nan), np.float64(nan), np.float64(nan), np.float64(nan), np.float64(nan), np.float64(nan), np.float64(nan), np.float64(nan), np.float64(nan), np.float64(nan), np.float64(nan), np.float64(nan), np.float64(nan), np.float64(nan), np.float64(nan), np.float64(nan), np.float64(nan), np.float64(nan), np.float64(nan), np.float64(nan), np.float64(nan), np.float64(nan)], params=[np.float64(1.0), np.float64(1.0), np.float64(0.39), np.float64(0.15)], fit_error=[np.float64(0.031), np.float64(0.022)])",[-70.  70.],"[np.float64(0.388), np.float64(0.849)]","[np.float64(0.39), np.float64(0.39), np.float64(0.39), np.float64(0.39), np.float64(0.39), np.float64(0.39), np.float64(0.39), np.float64(0.39), np.float64(0.39), np.float64(0.39), np.float64(0.39), np.float64(0.39), np.float64(0.39), np.float64(0.39), np.float64(0.39), np.float64(0.39), np.float64(0.39), np.float64(0.39), np.float64(0.39), np.float64(0.39), np.float64(0.39), np.float64(0.39), np.float64(0.39), np.float64(0.39), np.float64(0.39), np.float64(0.39), np.float64(0.39), np.float64(0.39), np.float64(0.39), np.float64(0.39), np.float64(0.39), np.float64(0.39), np.float64(0.39), np.float64(0.39), np.float64(0.39), np.float64(0.39), np.float64(0.39), np.float64(0.39), np.float64(0.39), np.float64(0.39), np.float64(0.39), np.float64(0.39), np.float64(0.39), np.float64(0.39), np.float64(0.39), np.float64(0.39), np.float64(0.391), np.float64(0.395), np.float64(0.409), np.float64(0.461), np.float64(0.587), np.float64(0.737), np.float64(0.816), np.float64(0.841), np.float64(0.848), np.float64(0.849), np.float64(0.85), np.float64(0.85), np.float64(0.85), np.float64(0.85), np.float64(0.85), np.float64(0.85), np.float64(0.85), np.float64(0.85), np.float64(0.85), np.float64(0.85), np.float64(0.85), np.float64(0.85), np.float64(0.85), np.float64(0.85), np.float64(0.85), np.float64(0.85), np.float64(0.85), np.float64(0.85), np.float64(0.85), np.float64(0.85), np.float64(0.85), np.float64(0.85), np.float64(0.85), np.float64(0.85), np.float64(0.85), np.float64(0.85), np.float64(0.85), np.float64(0.85), np.float64(0.85), np.float64(0.85), np.float64(0.85), np.float64(0.85), np.float64(0.85), np.float64(0.85), np.float64(0.85), np.float64(0.85), np.float64(0.85), np.float64(0.85), np.float64(0.85), np.float64(0.85), np.float64(0.85), np.float64(0.85), np.float64(0.85), np.float64(0.85)]","[np.float64(0.031), np.float64(0.022)]","[np.float64(1.0), np.float64(1.0), np.float64(0.39), np.float64(0.15)]",1.0,1.0,0.39,0.15,
2022-02-09,2,123,334,Bpod6,658,318,340,291,356,470,214,256,273,193,177,100,77,0.7142857142857143,0.6729559748427673,0.7529411764705882,647,314,333,405,170,235,0.584192439862543,0.6601123595505618,238,119,119,0.40893470790378006,0.3342696629213483,0.7264296754250387,0.6815286624203821,0.7687687687687688,0.7264296754250387,0.08724010634838664,0.674074074074074,0.8109243697478992,-0.13685029567382512,0.6221523997065523,0.3716021854125642,11,4,7,0.016717325227963525,0.012578616352201259,0.020588235294117647,470,214,256,1175.0,535.0,640.0,2.0,0,0,0,0.0,,"psych_curve(xdata=array([-70.,  70.]), ydata=[np.float64(0.318), np.float64(0.769)], fit=[np.float64(0.32), np.float64(0.32), np.float64(0.32), np.float64(0.32), np.float64(0.32), np.float64(0.32), np.float64(0.32), np.float64(0.32), np.float64(0.32), np.float64(0.32), np.float64(0.32), np.float64(0.32), np.float64(0.32), np.float64(0.32), np.float64(0.32), np.float64(0.32), np.float64(0.32), np.float64(0.32), np.float64(0.32), np.float64(0.32), np.float64(0.32), np.float64(0.32), np.float64(0.32), np.float64(0.32), np.float64(0.32), np.float64(0.32), np.float64(0.32), np.float64(0.32), np.float64(0.32), np.float64(0.32), np.float64(0.32), np.float64(0.32), np.float64(0.32), np.float64(0.32), np.float64(0.32), np.float64(0.32), np.float64(0.32), np.float64(0.32), np.float64(0.32), np.float64(0.32), np.float64(0.32), np.float64(0.32), np.float64(0.32), np.float64(0.32), np.float64(0.32), np.float64(0.32), np.float64(0.321), np.float64(0.325), np.float64(0.339), np.float64(0.389), np.float64(0.512), np.float64(0.659), np.float64(0.737), np.float64(0.761), np.float64(0.768), np.float64(0.769), np.float64(0.77), np.float64(0.77), np.float64(0.77), np.float64(0.77), np.float64(0.77), np.float64(0.77), np.float64(0.77), np.float64(0.77), np.float64(0.77), np.float64(0.77), np.float64(0.77), np.float64(0.77), np.float64(0.77), np.float64(0.77), np.float64(0.77), np.float64(0.77), np.float64(0.77), np.float64(0.77), np.float64(0.77), np.float64(0.77), np.float64(0.77), np.float64(0.77), np.float64(0.77), np.float64(0.77), np.float64(0.77), np.float64(0.77), np.float64(0.77), np.float64(0.77), np.float64(0.77), np.float64(0.77), np.float64(0.77), np.float64(0.77), np.float64(0.77), np.float64(0.77), np.float64(0.77), np.float64(0.77), np.float64(0.77), np.float64(0.77), np.float64(0.77), np.float64(0.77), np.float64(0.77), np.float64(0.77), np.float64(0.77), np.float64(0.77)], params=[np.float64(1.0), np.float64(1.0), np.float64(0.32), np.float64(0.23)], fit_error=[np.float64(0.026), np.float64(0.023)])",[-70.  70.],"[np.float64(0.318), np.float64(0.769)]","[np.float64(0.32), np.float64(0.32), np.float64(0.32), np.float64(0.32), np.float64(0.32), np.float64(0.32), np.float64(0.32), np.float64(0.32), np.float64(0.32), np.float64(0.32), np.float64(0.32), np.float64(0.32), np.float64(0.32), np.float64(0.32), np.float64(0.32), np.float64(0.32), np.float64(0.32), np.float64(0.32), np.float64(0.32), np.float64(0.32), np.float64(0.32), np.float64(0.32), np.float64(0.32), np.float64(0.32), np.float64(0.32), np.float64(0.32), np.float64(0.32), np.float64(0.32), np.float64(0.32), np.float64(0.32), np.float64(0.32), np.float64(0.32), np.float64(0.32), np.float64(0.32), np.float64(0.32), np.float64(0.32), np.float64(0.32), np.float64(0.32), np.float64(0.32), np.float64(0.32), np.float64(0.32), np.float64(0.32), np.float64(0.32), np.float64(0.32), np.float64(0.32), np.float64(0.32), np.float64(0.321), np.float64(0.325), np.float64(0.339), np.float64(0.389), np.float64(0.512), np.float64(0.659), np.float64(0.737), np.float64(0.761), np.float64(0.768), np.float64(0.769), np.float64(0.77), np.float64(0.77), np.float64(0.77), np.float64(0.77), np.float64(0.77), np.float64(0.77), np.float64(0.77), np.float64(0.77), np.float64(0.77), np.float64(0.77), np.float64(0.77), np.float64(0.77), np.float64(0.77), np.float64(0.77), np.float64(0.77), np.float64(0.77), np.float64(0.77), np.float64(0.77), np.float64(0.77), np.float64(0.77), np.float64(0.77), np.float64(0.77), np.float64(0.77), np.float64(0.77), np.float64(0.77), np.float64(0.77), np.float64(0.77), np.float64(0.77), np.float64(0.77), np.float64(0.77), np.float64(0.77), np.float64(0.77), np.float64(0.77), np.float64(0.77), np.float64(0.77), np.float64(0.77), np.float64(0.77), np.float64(0.77), np.float64(0.77), np.float64(0.77), np.float64(0.77), np.float64(0.77), np.float64(0.77), np.float64(0.77)]","[np.float64(0.026), np.float64(0.023)]","[np.float64(1.0), np.float64(1.0), np.float64(0.32), np.float64(0.23)]",1.0,1.0,0.32,0.23,"psych_curve(xdata=array([-70.,  70.]), ydata=[np.float64(0.406), np.float64(0.858)], fit=[np.float64(nan), np.float64(nan), np.float64(nan), np.float64(nan), np.float64(nan), np.float64(nan), np.float64(nan), np.float64(nan), np.float64(nan), np.float64(nan), np.float64(nan), np.float64(nan), np.float64(nan), np.float64(nan), np.float64(nan), np.float64(nan), np.float64(nan), np.float64(nan), np.float64(nan), np.float64(nan), np.float64(nan), np.float64(nan), np.float64(nan), np.float64(nan), np.float64(nan), np.float64(nan), np.float64(nan), np.float64(nan), np.float64(nan), np.float64(nan), np.float64(nan), np.float64(nan), np.float64(nan), np.float64(nan), np.float64(nan), np.float64(nan), np.float64(nan), np.float64(nan), np.float64(nan), np.float64(nan), np.float64(nan), np.float64(nan), np.float64(nan), np.float64(nan), np.float64(nan), np.float64(nan), np.float64(nan), np.float64(nan), np.float64(nan), np.float64(nan), np.float64(nan), np.float64(nan), np.float64(nan), np.float64(nan), np.float64(nan), np.float64(nan), np.float64(nan), np.float64(nan), np.float64(nan), np.float64(nan), np.float64(nan), np.float64(nan), np.float64(nan), np.float64(nan), np.float64(nan), np.float64(nan), np.float64(nan), np.float64(nan), np.float64(nan), np.float64(nan), np.float64(nan), np.float64(nan), np.float64(nan), np.float64(nan), np.float64(nan), np.float64(nan), np.float64(nan), np.float64(nan), np.float64(nan), np.float64(nan), np.float64(nan), np.float64(nan), np.float64(nan), np.float64(nan), np.float64(nan), np.float64(nan), np.float64(nan), np.float64(nan), np.float64(nan), np.float64(nan), np.float64(nan), np.float64(nan), np.float64(nan), np.float64(nan), np.float64(nan), np.float64(nan), np.float64(nan), np.float64(nan), np.float64(nan), np.float64(nan)], params=[np.float64(1.0), np.float64(1.0), np.float64(0.41), np.float64(0.14)], fit_error=[np.float64(0.027), np.float64(0.02)])",[-70.  70.],"[np.float64(0.318), np.float64(0.769)]","[np.float64(0.32), np.float64(0.32), np.float64(0.32), np.float64(0.32), np.float64(0.32), np.float64(0.32), np.float64(0.32), np.float64(0.32), np.float64(0.32), np.float64(0.32), np.float64(0.32), np.float64(0.32), np.float64(0.32), np.float64(0.32), np.float64(0.32), np.float64(0.32), np.float64(0.32), np.float64(0.32), np.float64(0.32), np.float64(0.32), np.float64(0.32), np.float64(0.32), np.float64(0.32), np.float64(0.32), np.float64(0.32), np.float64(0.32), np.float64(0.32), np.float64(0.32), np.float64(0.32), np.float64(0.32), np.float64(0.32), np.float64(0.32), np.float64(0.32), np.float64(0.32), np.float64(0.32), np.float64(0.32), np.float64(0.32), np.float64(0.32), np.float64(0.32), np.float64(0.32), np.float64(0.32), np.float64(0.32), np.float64(0.32), np.float64(0.32), np.float64(0.32), np.float64(0.32), np.float64(0.321), np.float64(0.325), np.float64(0.339), np.float64(0.389), np.float64(0.512), np.float64(0.659), np.float64(0.737), np.float64(0.761), np.float64(0.768), np.float64(0.769), np.float64(0.77), np.float64(0.77), np.float64(0.77), np.float64(0.77), np.float64(0.77), np.float64(0.77), np.float64(0.77), np.float64(0.77), np.float64(0.77), np.float64(0.77), np.float64(0.77), np.float64(0.77), np.float64(0.77), np.float64(0.77), np.float64(0.77), np.float64(0.77), np.float64(0.77), np.float64(0.77), np.float64(0.77), np.float64(0.77), np.float64(0.77), np.float64(0.77), np.float64(0.77), np.float64(0.77), np.float64(0.77), np.float64(0.77), np.float64(0.77), np.float64(0.77), np.float64(0.77), np.float64(0.77), np.float64(0.77), np.float64(0.77), np.float64(0.77), np.float64(0.77), np.float64(0.77), np.float64(0.77), np.float64(0.77), np.float64(0.77), np.float64(0.77), np.float64(0.77), np.float64(0.77), np.float64(0.77), np.float64(0.77), np.float64(0.77)]","[np.float64(0.026), np.float64(0.023)]","[np.float64(1.0), np.float64(1.0), np.float64(0.41), np.float64(0.14)]",1.0,1.0,0.41,0.14,
2022-02-10,3,124,334,Bpod6,503,237,266,232,260,398,185,213,248,144,94,47,47,0.7912524850894632,0.7805907172995781,0.8007518796992481,492,232,260,323,145,178,0.625,0.6846153846153846,163,82,81,0.35344827586206895,0.31153846153846154,0.8089430894308943,0.7974137931034483,0.8192307692307692,0.8089430894308943,0.02181697612732092,0.7678018575851393,0.8834355828220859,-0.1156337252369466,0.6548076923076923,0.33249336870026525,11,5,6,0.02186878727634195,0.02109704641350211,0.022556390977443608,398,185,213,995.0,462.5,532.5,2.0,0,0,0,0.0,,"psych_curve(xdata=array([-70.,  70.]), ydata=[np.float64(0.203), np.float64(0.819)], fit=[np.float64(0.2), np.float64(0.2), np.float64(0.2), np.float64(0.2), np.float64(0.2), np.float64(0.2), np.float64(0.2), np.float64(0.2), np.float64(0.2), np.float64(0.2), np.float64(0.2), np.float64(0.2), np.float64(0.2), np.float64(0.2), np.float64(0.2), np.float64(0.2), np.float64(0.2), np.float64(0.2), np.float64(0.2), np.float64(0.2), np.float64(0.2), np.float64(0.2), np.float64(0.2), np.float64(0.2), np.float64(0.2), np.float64(0.2), np.float64(0.2), np.float64(0.2), np.float64(0.2), np.float64(0.2), np.float64(0.2), np.float64(0.2), np.float64(0.2), np.float64(0.2), np.float64(0.2), np.float64(0.2), np.float64(0.2), np.float64(0.2), np.float64(0.2), np.float64(0.2), np.float64(0.2), np.float64(0.2), np.float64(0.2), np.float64(0.2), np.float64(0.2), np.float64(0.2), np.float64(0.202), np.float64(0.207), np.float64(0.226), np.float64(0.295), np.float64(0.465), np.float64(0.668), np.float64(0.774), np.float64(0.808), np.float64(0.817), np.float64(0.819), np.float64(0.82), np.float64(0.82), np.float64(0.82), np.float64(0.82), np.float64(0.82), np.float64(0.82), np.float64(0.82), np.float64(0.82), np.float64(0.82), np.float64(0.82), np.float64(0.82), np.float64(0.82), np.float64(0.82), np.float64(0.82), np.float64(0.82), np.float64(0.82), np.float64(0.82), np.float64(0.82), np.float64(0.82), np.float64(0.82), np.float64(0.82), np.float64(0.82), np.float64(0.82), np.float64(0.82), np.float64(0.82), np.float64(0.82), np.float64(0.82), np.float64(0.82), np.float64(0.82), np.float64(0.82), np.float64(0.82), np.float64(0.82), np.float64(0.82), np.float64(0.82), np.float64(0.82), np.float64(0.82), np.float64(0.82), np.float64(0.82), np.float64(0.82), np.float64(0.82), np.float64(0.82), np.float64(0.82), np.float64(0.82), np.float64(0.82)], params=[np.float64(1.0), np.float64(1.0), np.float64(0.2), np.float64(0.18)], fit_error=[np.float64(0.026), np.float64(0.024)])",[-70.  70.],"[np.float64(0.203), np.float64(0.819)]","[np.float64(0.2), np.float64(0.2), np.float64(0.2), np.float64(0.2), np.float64(0.2), np.float64(0.2), np.float64(0.2), np.float64(0.2), np.float64(0.2), np.float64(0.2), np.float64(0.2), np.float64(0.2), np.float64(0.2), np.float64(0.2), np.float64(0.2), np.float64(0.2), np.float64(0.2), np.float64(0.2), np.float64(0.2), np.float64(0.2), np.float64(0.2), np.float64(0.2), np.float64(0.2), np.float64(0.2), np.float64(0.2), np.float64(0.2), np.float64(0.2), np.float64(0.2), np.float64(0.2), np.float64(0.2), np.float64(0.2), np.float64(0.2), np.float64(0.2), np.float64(0.2), np.float64(0.2), np.float64(0.2), np.float64(0.2), np.float64(0.2), np.float64(0.2), np.float64(0.2), np.float64(0.2), np.float64(0.2), np.float64(0.2), np.float64(0.2), np.float64(0.2), np.float64(0.2), np.float64(0.202), np.float64(0.207), np.float64(0.226), np.float64(0.295), np.float64(0.465), np.float64(0.668), np.float64(0.774), np.float64(0.808), np.float64(0.817), np.float64(0.819), np.float64(0.82), np.float64(0.82), np.float64(0.82), np.float64(0.82), np.float64(0.82), np.float64(0.82), np.float64(0.82), np.float64(0.82), np.float64(0.82), np.float64(0.82), np.float64(0.82), np.float64(0.82), np.float64(0.82), np.float64(0.82), np.float64(0.82), np.float64(0.82), np.float64(0.82), np.float64(0.82), np.float64(0.82), np.float64(0.82), np.float64(0.82), np.float64(0.82), np.float64(0.82), np.float64(0.82), np.float64(0.82), np.float64(0.82), np.float64(0.82), np.float64(0.82), np.float64(0.82), np.float64(0.82), np.float64(0.82), np.float64(0.82), np.float64(0.82), np.float64(0.82), np.float64(0.82), np.float64(0.82), np.float64(0.82), np.float64(0.82), np.float64(0.82), np.float64(0.82), np.float64(0.82), np.float64(0.82), np.float64(0.82), np.float64(0.82)]","[np.float64(0.026), np.float64(0.024)]","[np.float64(1.0), np.float64(1.0), np.float64(0.2), np.float64(0.18)]",1.0,1.0,0.2,0.18,"psych_curve(xdata=array([-70.,  70.]), ydata=[np.float64(0.342), np.float64(0.929)], fit=[np.float64(nan), np.float64(nan), np.float64(nan), np.float64(nan), np.float64(nan), np.float64(nan), np.float64(nan), np.float64(nan), np.float64(nan), np.float64(nan), np.float64(nan), np.float64(nan), np.float64(nan), np.float64(nan), np.float64(nan), np.float64(nan), np.float64(nan), np.float64(nan), np.float64(nan), np.float64(nan), np.float64(nan), np.float64(nan), np.float64(nan), np.float64(nan), np.float64(nan), np.float64(nan), np.float64(nan), np.float64(nan), np.float64(nan), np.float64(nan), np.float64(nan), np.float64(nan), np.float64(nan), np.float64(nan), np.float64(nan), np.float64(nan), np.float64(nan), np.float64(nan), np.float64(nan), np.float64(nan), np.float64(nan), np.float64(nan), np.float64(nan), np.float64(nan), np.float64(nan), np.float64(nan), np.float64(nan), np.float64(nan), np.float64(nan), np.float64(nan), np.float64(nan), np.float64(nan), np.float64(nan), np.float64(nan), np.float64(nan), np.float64(nan), np.float64(nan), np.float64(nan), np.float64(nan), np.float64(nan), np.float64(nan), np.float64(nan), np.float64(nan), np.float64(nan), np.float64(nan), np.float64(nan), np.float64(nan), np.float64(nan), np.float64(nan), np.float64(nan), np.float64(nan), np.float64(nan), np.float64(nan), np.float64(nan), np.float64(nan), np.float64(nan), np.float64(nan), np.float64(nan), np.float64(nan), np.float64(nan), np.float64(nan), np.float64(nan), np.float64(nan), np.float64(nan), np.float64(nan), np.float64(nan), np.float64(nan), np.float64(nan), np.float64(nan), np.float64(nan), np.float64(nan), np.float64(nan), np.float64(nan), np.float64(nan), np.float64(nan), np.float64(nan), np.float64(nan), np.float64(nan), np.float64(nan), np.float64(nan)], params=[np.float64(1.0), np.float64(1.0), np.float64(0.34), np.float64(0.07)], fit_error=[np.float64(0.032), np.float64(0.016)])",[-70.  70.],"[np.float64(0.203), np.float64(0.819)]","[np.float64(0.2), np.float64(0.2), np.float64(0.2), np.float64(0.2), np.float64(0.2), np.float64(0.2), np.float64(0.2), np.float64(0.2), np.float64(0.2), np.float64(0.2), np.float64(0.2), np.float64(0.2), np.float64(0.2), np.float64(0.2), np.float64(0.2), np.float64(0.2), np.float64(0.2), np.float64(0.2), np.float64(0.2), np.float64(0.2), np.float64(0.2), np.float64(0.2), np.float64(0.2), np.float64(0.2), np.float64(0.2), np.float64(0.2), np.float64(0.2), np.float64(0.2), np.float64(0.2), np.float64(0.2), np.float64(0.2), np.float64(0.2), np.float64(0.2), np.float64(0.2), np.float64(0.2), np.float64(0.2), np.float64(0.2), np.float64(0.2), np.float64(0.2), np.float64(0.2), np.float64(0.2), np.float64(0.2), np.float64(0.2), np.float64(0.2), np.float64(0.2), np.float64(0.2), np.float64(0.202), np.float64(0.207), np.float64(0.226), np.float64(0.295), np.float64(0.465), np.float64(0.668), np.float64(0.774), np.float64(0.808), np.float64(0.817), np.float64(0.819), np.float64(0.82), np.float64(0.82), np.float64(0.82), np.float64(0.82), np.float64(0.82), np.float64(0.82), np.float64(0.82), np.float64(0.82), np.float64(0.82), np.float64(0.82), np.float64(0.82), np.float64(0.82), np.float64(0.82), np.float64(0.82), np.float64(0.82), np.float64(0.82), np.float64(0.82), np.float64(0.82), np.float64(0.82), np.float64(0.82), np.float64(0.82), np.float64(0.82), np.float64(0.82), np.float64(0.82), np.float64(0.82), np.float64(0.82), np.float64(0.82), np.float64(0.82), np.float64(0.82), np.float64(0.82), np.float64(0.82), np.float64(0.82), np.float64(0.82), np.float64(0.82), np.float64(0.82), np.float64(0.82), np.float64(0.82), np.float64(0.82), np.float64(0.82), np.float64(0.82), np.float64(0.82), np.float64(0.82), np.float64(0.82), np.float64(0.82)]","[np.float64(0.026), np.float64(0.024)]","[np.float64(1.0), np.float64(1.0), np.float64(0.34), np.float64(0.07)]",1.0,1.0,0.34,0.07,
2022-02-11,4,125,334,Bpod6,477,252,225,265,187,397,229,168,204,179,55,19,36,0.8322851153039832,0.9087301587301587,0.7466666666666667,452,248,204,239,155,84,0.5849056603773585,0.44919786096256686,198,100,98,0.37735849056603776,0.5240641711229946,0.8783185840707964,0.9233870967741935,0.8235294117647058,0.8783185840707964,-0.09985768500948766,0.8535564853556485,0.9040404040404041,-0.05048391868475555,0.5170517606699627,0.4507113308445162,25,4,21,0.05241090146750524,0.015873015873015872,0.09333333333333334,397,229,168,992.5,572.5,420.0,3.0,0,0,0,0.0,,"psych_curve(xdata=array([-70.,  70.]), ydata=[np.float64(0.077), np.float64(0.824)], fit=[np.float64(0.08), np.float64(0.08), np.float64(0.08), np.float64(0.08), np.float64(0.08), np.float64(0.08), np.float64(0.08), np.float64(0.08), np.float64(0.08), np.float64(0.08), np.float64(0.08), np.float64(0.08), np.float64(0.08), np.float64(0.08), np.float64(0.08), np.float64(0.08), np.float64(0.08), np.float64(0.08), np.float64(0.08), np.float64(0.08), np.float64(0.08), np.float64(0.08), np.float64(0.08), np.float64(0.08), np.float64(0.08), np.float64(0.08), np.float64(0.08), np.float64(0.08), np.float64(0.08), np.float64(0.08), np.float64(0.08), np.float64(0.08), np.float64(0.08), np.float64(0.08), np.float64(0.08), np.float64(0.08), np.float64(0.08), np.float64(0.08), np.float64(0.08), np.float64(0.08), np.float64(0.08), np.float64(0.08), np.float64(0.08), np.float64(0.08), np.float64(0.08), np.float64(0.08), np.float64(0.082), np.float64(0.088), np.float64(0.111), np.float64(0.194), np.float64(0.396), np.float64(0.638), np.float64(0.766), np.float64(0.806), np.float64(0.817), np.float64(0.819), np.float64(0.82), np.float64(0.82), np.float64(0.82), np.float64(0.82), np.float64(0.82), np.float64(0.82), np.float64(0.82), np.float64(0.82), np.float64(0.82), np.float64(0.82), np.float64(0.82), np.float64(0.82), np.float64(0.82), np.float64(0.82), np.float64(0.82), np.float64(0.82), np.float64(0.82), np.float64(0.82), np.float64(0.82), np.float64(0.82), np.float64(0.82), np.float64(0.82), np.float64(0.82), np.float64(0.82), np.float64(0.82), np.float64(0.82), np.float64(0.82), np.float64(0.82), np.float64(0.82), np.float64(0.82), np.float64(0.82), np.float64(0.82), np.float64(0.82), np.float64(0.82), np.float64(0.82), np.float64(0.82), np.float64(0.82), np.float64(0.82), np.float64(0.82), np.float64(0.82), np.float64(0.82), np.float64(0.82), np.float64(0.82), np.float64(0.82)], params=[np.float64(1.0), np.float64(1.0), np.float64(0.08), np.float64(0.18)], fit_error=[np.float64(0.017), np.float64(0.027)])",[-70.  70.],"[np.float64(0.077), np.float64(0.824)]","[np.float64(0.08), np.float64(0.08), np.float64(0.08), np.float64(0.08), np.float64(0.08), np.float64(0.08), np.float64(0.08), np.float64(0.08), np.float64(0.08), np.float64(0.08), np.float64(0.08), np.float64(0.08), np.float64(0.08), np.float64(0.08), np.float64(0.08), np.float64(0.08), np.float64(0.08), np.float64(0.08), np.float64(0.08), np.float64(0.08), np.float64(0.08), np.float64(0.08), np.float64(0.08), np.float64(0.08), np.float64(0.08), np.float64(0.08), np.float64(0.08), np.float64(0.08), np.float64(0.08), np.float64(0.08), np.float64(0.08), np.float64(0.08), np.float64(0.08), np.float64(0.08), np.float64(0.08), np.float64(0.08), np.float64(0.08), np.float64(0.08), np.float64(0.08), np.float64(0.08), np.float64(0.08), np.float64(0.08), np.float64(0.08), np.float64(0.08), np.float64(0.08), np.float64(0.08), np.float64(0.082), np.float64(0.088), np.float64(0.111), np.float64(0.194), np.float64(0.396), np.float64(0.638), np.float64(0.766), np.float64(0.806), np.float64(0.817), np.float64(0.819), np.float64(0.82), np.float64(0.82), np.float64(0.82), np.float64(0.82), np.float64(0.82), np.float64(0.82), np.float64(0.82), np.float64(0.82), np.float64(0.82), np.float64(0.82), np.float64(0.82), np.float64(0.82), np.float64(0.82), np.float64(0.82), np.float64(0.82), np.float64(0.82), np.float64(0.82), np.float64(0.82), np.float64(0.82), np.float64(0.82), np.float64(0.82), np.float64(0.82), np.float64(0.82), np.float64(0.82), np.float64(0.82), np.float64(0.82), np.float64(0.82), np.float64(0.82), np.float64(0.82), np.float64(0.82), np.float64(0.82), np.float64(0.82), np.float64(0.82), np.float64(0.82), np.float64(0.82), np.float64(0.82), np.float64(0.82), np.float64(0.82), np.float64(0.82), np.float64(0.82), np.float64(0.82), np.float64(0.82), np.float64(0.82), np.float64(0.82)]","[np.float64(0.017), np.float64(0.027)]","[np.float64(1.0), np.float64(1.0), np.float64(0.08), np.float64(0.18)]",1.0,1.0,0.08,0.18,"psych_curve(xdata=array([-70.,  70.]), ydata=[np.float64(0.164), np.float64(0.915)], fit=[np.float64(nan), np.float64(nan), np.float64(nan), np.float64(nan), np.float64(nan), np.float64(nan), np.float64(nan), np.float64(nan), np.float64(nan), np.float64(nan), np.float64(nan), np.float64(nan), np.float64(nan), np.float64(nan), np.float64(nan), np.float64(nan), np.float64(nan), np.float64(nan), np.float64(nan), np.float64(nan), np.float64(nan), np.float64(nan), np.float64(nan), np.float64(nan), np.float64(nan), np.float64(nan), np.float64(nan), np.float64(nan), np.float64(nan), np.float64(nan), np.float64(nan), np.float64(nan), np.float64(nan), np.float64(nan), np.float64(nan), np.float64(nan), np.float64(nan), np.float64(nan), np.float64(nan), np.float64(nan), np.float64(nan), np.float64(nan), np.float64(nan), np.float64(nan), np.float64(nan), np.float64(nan), np.float64(nan), np.float64(nan), np.float64(nan), np.float64(nan), np.float64(nan), np.float64(nan), np.float64(nan), np.float64(nan), np.float64(nan), np.float64(nan), np.float64(nan), np.float64(nan), np.float64(nan), np.float64(nan), np.float64(nan), np.float64(nan), np.float64(nan), np.float64(nan), np.float64(nan), np.float64(nan), np.float64(nan), np.float64(nan), np.float64(nan), np.float64(nan), np.float64(nan), np.float64(nan), np.float64(nan), np.float64(nan), np.float64(nan), np.float64(nan), np.float64(nan), np.float64(nan), np.float64(nan), np.float64(nan), np.float64(nan), np.float64(nan), np.float64(nan), np.float64(nan), np.float64(nan), np.float64(nan), np.float64(nan), np.float64(nan), np.float64(nan), np.float64(nan), np.float64(nan), np.float64(nan), np.float64(nan), np.float64(nan), np.float64(nan), np.float64(nan), np.float64(nan), np.float64(nan), np.float64(nan), np.float64(nan)], params=[np.float64(1.0), np.float64(1.0), np.float64(0.16), np.float64(0.08)], fit_error=[np.float64(0.025), np.float64(0.019)])",[-70.  70.],"[np.float64(0.077), np.float64(0.824)]","[np.float64(0.08), np.float64(0.08), np.float64(0.08), np.float64(0.08), np.float64(0.08), np.float64(0.08), np.float64(0.08), np.float64(0.08), np.float64(0.08), np.float64(0.08), np.float64(0.08), np.float64(0.08), np.float64(0.08), np.float64(0.08), np.float64(0.08), np.float64(0.08), np.float64(0.08), np.float64(0.08), np.float64(0.08), np.float64(0.08), np.float64(0.08), np.float64(0.08), np.float64(0.08), np.float64(0.08), np.float64(0.08), np.float64(0.08), np.float64(0.08), np.float64(0.08), np.float64(0.08), np.float64(0.08), np.float64(0.08), np.float64(0.08), np.float64(0.08), np.float64(0.08), np.float64(0.08), np.float64(0.08), np.float64(0.08), np.float64(0.08), np.float64(0.08), np.float64(0.08), np.float64(0.08), np.float64(0.08), np.float64(0.08), np.float64(0.08), np.float64(0.08), np.float64(0.08), np.float64(0.082), np.float64(0.088), np.float64(0.111), np.float64(0.194), np.float64(0.396), np.float64(0.638), np.float64(0.766), np.float64(0.806), np.float64(0.817), np.float64(0.819), np.float64(0.82), np.float64(0.82), np.float64(0.82), np.float64(0.82), np.float64(0.82), np.float64(0.82), np.float64(0.82), np.float64(0.82), np.float64(0.82), np.float64(0.82), np.float64(0.82), np.float64(0.82), np.float64(0.82), np.float64(0.82), np.float64(0.82), np.float64(0.82), np.float64(0.82), np.float64(0.82), np.float64(0.82), np.float64(0.82), np.float64(0.82), np.float64(0.82), np.float64(0.82), np.float64(0.82), np.float64(0.82), np.float64(0.82), np.float64(0.82), np.float64(0.82), np.float64(0.82), np.float64(0.82), np.float64(0.82), np.float64(0.82), np.float64(0.82), np.float64(0.82), np.float64(0.82), np.float64(0.82), np.float64(0.82), np.float64(0.82), np.float64(0.82), np.float64(0.82), np.float64(0.82), np.float64(0.82), np.float64(0.82), np.float64(0.82)]","[np.float64(0.017), np.float64(0.027)]","[np.float64(1.0), np.float64(1.0), np.float64(0.16), np.float64(0.08)]",1.0,1.0,0.16,0.08,
2022-02-14,0,128,334,Bpod6,459,232,227,229,224,324,164,160,208,113,129,64,65,0.7058823529411765,0.7068965517241379,0.7048458149779736,453,228,225,312,161,151,0.7030567685589519,0.6741071428571429,135,68,67,0.29694323144104806,0.29910714285714285,0.7152317880794702,0.7192982456140351,0.7111111111111111,0.7152317880794702,-0.008187134502923965,0.6666666666666666,0.837037037037037,-0.1703703703703704,0.6885819557080475,0.2980251871490954,6,4,2,0.013071895424836602,0.017241379310344827,0.00881057268722467,324,164,160,810.0,410.0,400.0,3.0,0,0,0,0.0,,"psych_curve(xdata=array([-70.,  70.]), ydata=[np.float64(0.281), np.float64(0.711)], fit=[np.float64(0.28), np.float64(0.28), np.float64(0.28), np.float64(0.28), np.float64(0.28), np.float64(0.28), np.float64(0.28), np.float64(0.28), np.float64(0.28), np.float64(0.28), np.float64(0.28), np.float64(0.28), np.float64(0.28), np.float64(0.28), np.float64(0.28), np.float64(0.28), np.float64(0.28), np.float64(0.28), np.float64(0.28), np.float64(0.28), np.float64(0.28), np.float64(0.28), np.float64(0.28), np.float64(0.28), np.float64(0.28), np.float64(0.28), np.float64(0.28), np.float64(0.28), np.float64(0.28), np.float64(0.28), np.float64(0.28), np.float64(0.28), np.float64(0.28), np.float64(0.28), np.float64(0.28), np.float64(0.28), np.float64(0.28), np.float64(0.28), np.float64(0.28), np.float64(0.28), np.float64(0.28), np.float64(0.28), np.float64(0.28), np.float64(0.28), np.float64(0.28), np.float64(0.28), np.float64(0.281), np.float64(0.285), np.float64(0.298), np.float64(0.346), np.float64(0.464), np.float64(0.604), np.float64(0.678), np.float64(0.702), np.float64(0.708), np.float64(0.71), np.float64(0.71), np.float64(0.71), np.float64(0.71), np.float64(0.71), np.float64(0.71), np.float64(0.71), np.float64(0.71), np.float64(0.71), np.float64(0.71), np.float64(0.71), np.float64(0.71), np.float64(0.71), np.float64(0.71), np.float64(0.71), np.float64(0.71), np.float64(0.71), np.float64(0.71), np.float64(0.71), np.float64(0.71), np.float64(0.71), np.float64(0.71), np.float64(0.71), np.float64(0.71), np.float64(0.71), np.float64(0.71), np.float64(0.71), np.float64(0.71), np.float64(0.71), np.float64(0.71), np.float64(0.71), np.float64(0.71), np.float64(0.71), np.float64(0.71), np.float64(0.71), np.float64(0.71), np.float64(0.71), np.float64(0.71), np.float64(0.71), np.float64(0.71), np.float64(0.71), np.float64(0.71), np.float64(0.71), np.float64(0.71), np.float64(0.71)], params=[np.float64(1.0), np.float64(1.0), np.float64(0.28), np.float64(0.29)], fit_error=[np.float64(0.03), np.float64(0.03)])",[-70.  70.],"[np.float64(0.281), np.float64(0.711)]","[np.float64(0.28), np.float64(0.28), np.float64(0.28), np.float64(0.28), np.float64(0.28), np.float64(0.28), np.float64(0.28), np.float64(0.28), np.float64(0.28), np.float64(0.28), np.float64(0.28), np.float64(0.28), np.float64(0.28), np.float64(0.28), np.float64(0.28), np.float64(0.28), np.float64(0.28), np.float64(0.28), np.float64(0.28), np.float64(0.28), np.float64(0.28), np.float64(0.28), np.float64(0.28), np.float64(0.28), np.float64(0.28), np.float64(0.28), np.float64(0.28), np.float64(0.28), np.float64(0.28), np.float64(0.28), np.float64(0.28), np.float64(0.28), np.float64(0.28), np.float64(0.28), np.float64(0.28), np.float64(0.28), np.float64(0.28), np.float64(0.28), np.float64(0.28), np.float64(0.28), np.float64(0.28), np.float64(0.28), np.float64(0.28), np.float64(0.28), np.float64(0.28), np.float64(0.28), np.float64(0.281), np.float64(0.285), np.float64(0.298), np.float64(0.346), np.float64(0.464), np.float64(0.604), np.float64(0.678), np.float64(0.702), np.float64(0.708), np.float64(0.71), np.float64(0.71), np.float64(0.71), np.float64(0.71), np.float64(0.71), np.float64(0.71), np.float64(0.71), np.float64(0.71), np.float64(0.71), np.float64(0.71), np.float64(0.71), np.float64(0.71), np.float64(0.71), np.float64(0.71), np.float64(0.71), np.float64(0.71), np.float64(0.71), np.float64(0.71), np.float64(0.71), np.float64(0.71), np.float64(0.71), np.float64(0.71), np.float64(0.71), np.float64(0.71), np.float64(0.71), np.float64(0.71), np.float64(0.71), np.float64(0.71), np.float64(0.71), np.float64(0.71), np.float64(0.71), np.float64(0.71), np.float64(0.71), np.float64(0.71), np.float64(0.71), np.float64(0.71), np.float64(0.71), np.float64(0.71), np.float64(0.71), np.float64(0.71), np.float64(0.71), np.float64(0.71), np.float64(0.71), np.float64(0.71), np.float64(0.71)]","[np.float64(0.03), np.float64(0.03)]","[np.float64(1.0), np.float64(1.0), np.float64(0.28), np.float64(0.29)]",1.0,1.0,0.28,0.29,"psych_curve(xdata=array([-70.,  70.]), ydata=[np.float64(0.479), np.float64(0.904)], fit=[np.float64(nan), np.float64(nan), np.float64(nan), np.float64(nan), np.float64(nan), np.float64(nan), np.float64(nan), np.float64(nan), np.float64(nan), np.float64(nan), np.float64(nan), np.float64(nan), np.float64(nan), np.float64(nan), np.float64(nan), np.float64(nan), np.float64(nan), np.float64(nan), np.float64(nan), np.float64(nan), np.float64(nan), np.float64(nan), np.float64(nan), np.float64(nan), np.float64(nan), np.float64(nan), np.float64(nan), np.float64(nan), np.float64(nan), np.float64(nan), np.float64(nan), np.float64(nan), np.float64(nan), np.float64(nan), np.float64(nan), np.float64(nan), np.float64(nan), np.float64(nan), np.float64(nan), np.float64(nan), np.float64(nan), np.float64(nan), np.float64(nan), np.float64(nan), np.float64(nan), np.float64(nan), np.float64(nan), np.float64(nan), np.float64(nan), np.float64(nan), np.float64(nan), np.float64(nan), np.float64(nan), np.float64(nan), np.float64(nan), np.float64(nan), np.float64(nan), np.float64(nan), np.float64(nan), np.float64(nan), np.float64(nan), np.float64(nan), np.float64(nan), np.float64(nan), np.float64(nan), np.float64(nan), np.float64(nan), np.float64(nan), np.float64(nan), np.float64(nan), np.float64(nan), np.float64(nan), np.float64(nan), np.float64(nan), np.float64(nan), np.float64(nan), np.float64(nan), np.float64(nan), np.float64(nan), np.float64(nan), np.float64(nan), np.float64(nan), np.float64(nan), np.float64(nan), np.float64(nan), np.float64(nan), np.float64(nan), np.float64(nan), np.float64(nan), np.float64(nan), np.float64(nan), np.float64(nan), np.float64(nan), np.float64(nan), np.float64(nan), np.float64(nan), np.float64(nan), np.float64(nan), np.float64(nan), np.float64(nan)], params=[np.float64(1.0), np.float64(1.0), np.float64(0.48), np.float64(0.1)], fit_error=[np.float64(0.034), np.float64(0.019)])",[-70.  70.],"[np.float64(0.281), np.float64(0.711)]","[np.float64(0.28), np.float64(0.28), np.float64(0.28), np.float64(0.28), np.float64(0.28), np.float64(0.28), np.float64(0.28), np.float64(0.28), np.float64(0.28), np.float64(0.28), np.float64(0.28), np.float64(0.28), np.float64(0.28), np.float64(0.28), np.float64(0.28), np.float64(0.28), np.float64(0.28), np.float64(0.28), np.float64(0.28), np.float64(0.28), np.float64(0.28), np.float64(0.28), np.float64(0.28), np.float64(0.28), np.float64(0.28), np.float64(0.28), np.float64(0.28), np.float64(0.28), np.float64(0.28), np.float64(0.28), np.float64(0.28), np.float64(0.28), np.float64(0.28), np.float64(0.28), np.float64(0.28), np.float64(0.28), np.float64(0.28), np.float64(0.28), np.float64(0.28), np.float64(0.28), np.float64(0.28), np.float64(0.28), np.float64(0.28), np.float64(0.28), np.float64(0.28), np.float64(0.28), np.float64(0.281), np.float64(0.285), np.float64(0.298), np.float64(0.346), np.float64(0.464), np.float64(0.604), np.float64(0.678), np.float64(0.702), np.float64(0.708), np.float64(0.71), np.float64(0.71), np.float64(0.71), np.float64(0.71), np.float64(0.71), np.float64(0.71), np.float64(0.71), np.float64(0.71), np.float64(0.71), np.float64(0.71), np.float64(0.71), np.float64(0.71), np.float64(0.71), np.float64(0.71), np.float64(0.71), np.float64(0.71), np.float64(0.71), np.float64(0.71), np.float64(0.71), np.float64(0.71), np.float64(0.71), np.float64(0.71), np.float64(0.71), np.float64(0.71), np.float64(0.71), np.float64(0.71), np.float64(0.71), np.float64(0.71), np.float64(0.71), np.float64(0.71), np.float64(0.71), np.float64(0.71), np.float64(0.71), np.float64(0.71), np.float64(0.71), np.float64(0.71), np.float64(0.71), np.float64(0.71), np.float64(0.71), np.float64(0.71), np.float64(0.71), np.float64(0.71), np.float64(0.71), np.float64(0.71), np.float64(0.71)]","[np.float64(0.03), np.float64(0.03)]","[np.float64(1.0), np.float64(1.0), np.float64(0.48), np.float64(0.1)]",1.0,1.0,0.48,0.1,
2022-02-15,1,129,334,Bpod6,456,227,229,259,195,314,172,142,186,125,140,53,87,0.6885964912280702,0.7577092511013216,0.6200873362445415,454,225,229,293,178,115,0.6872586872586872,0.5897435897435898,158,79,79,0.305019305019305,0.40512820512820513,0.6916299559471366,0.7644444444444445,0.6200873362445415,0.6916299559471366,-0.144357108199903,0.6348122866894198,0.7911392405063291,-0.1563269538169093,0.6385011385011385,0.35507375507375505,2,2,0,0.0043859649122807015,0.00881057268722467,0.0,314,172,142,785.0,430.0,355.0,3.0,0,0,0,0.0,,"psych_curve(xdata=array([-70.,  70.]), ydata=[np.float64(0.236), np.float64(0.62)], fit=[np.float64(0.24), np.float64(0.24), np.float64(0.24), np.float64(0.24), np.float64(0.24), np.float64(0.24), np.float64(0.24), np.float64(0.24), np.float64(0.24), np.float64(0.24), np.float64(0.24), np.float64(0.24), np.float64(0.24), np.float64(0.24), np.float64(0.24), np.float64(0.24), np.float64(0.24), np.float64(0.24), np.float64(0.24), np.float64(0.24), np.float64(0.24), np.float64(0.24), np.float64(0.24), np.float64(0.24), np.float64(0.24), np.float64(0.24), np.float64(0.24), np.float64(0.24), np.float64(0.24), np.float64(0.24), np.float64(0.24), np.float64(0.24), np.float64(0.24), np.float64(0.24), np.float64(0.24), np.float64(0.24), np.float64(0.24), np.float64(0.24), np.float64(0.24), np.float64(0.24), np.float64(0.24), np.float64(0.24), np.float64(0.24), np.float64(0.24), np.float64(0.24), np.float64(0.24), np.float64(0.241), np.float64(0.244), np.float64(0.256), np.float64(0.298), np.float64(0.402), np.float64(0.527), np.float64(0.592), np.float64(0.613), np.float64(0.618), np.float64(0.62), np.float64(0.62), np.float64(0.62), np.float64(0.62), np.float64(0.62), np.float64(0.62), np.float64(0.62), np.float64(0.62), np.float64(0.62), np.float64(0.62), np.float64(0.62), np.float64(0.62), np.float64(0.62), np.float64(0.62), np.float64(0.62), np.float64(0.62), np.float64(0.62), np.float64(0.62), np.float64(0.62), np.float64(0.62), np.float64(0.62), np.float64(0.62), np.float64(0.62), np.float64(0.62), np.float64(0.62), np.float64(0.62), np.float64(0.62), np.float64(0.62), np.float64(0.62), np.float64(0.62), np.float64(0.62), np.float64(0.62), np.float64(0.62), np.float64(0.62), np.float64(0.62), np.float64(0.62), np.float64(0.62), np.float64(0.62), np.float64(0.62), np.float64(0.62), np.float64(0.62), np.float64(0.62), np.float64(0.62), np.float64(0.62), np.float64(0.62)], params=[np.float64(1.0), np.float64(1.0), np.float64(0.24), np.float64(0.38)], fit_error=[np.float64(0.028), np.float64(0.032)])",[-70.  70.],"[np.float64(0.236), np.float64(0.62)]","[np.float64(0.24), np.float64(0.24), np.float64(0.24), np.float64(0.24), np.float64(0.24), np.float64(0.24), np.float64(0.24), np.float64(0.24), np.float64(0.24), np.float64(0.24), np.float64(0.24), np.float64(0.24), np.float64(0.24), np.float64(0.24), np.float64(0.24), np.float64(0.24), np.float64(0.24), np.float64(0.24), np.float64(0.24), np.float64(0.24), np.float64(0.24), np.float64(0.24), np.float64(0.24), np.float64(0.24), np.float64(0.24), np.float64(0.24), np.float64(0.24), np.float64(0.24), np.float64(0.24), np.float64(0.24), np.float64(0.24), np.float64(0.24), np.float64(0.24), np.float64(0.24), np.float64(0.24), np.float64(0.24), np.float64(0.24), np.float64(0.24), np.float64(0.24), np.float64(0.24), np.float64(0.24), np.float64(0.24), np.float64(0.24), np.float64(0.24), np.float64(0.24), np.float64(0.24), np.float64(0.241), np.float64(0.244), np.float64(0.256), np.float64(0.298), np.float64(0.402), np.float64(0.527), np.float64(0.592), np.float64(0.613), np.float64(0.618), np.float64(0.62), np.float64(0.62), np.float64(0.62), np.float64(0.62), np.float64(0.62), np.float64(0.62), np.float64(0.62), np.float64(0.62), np.float64(0.62), np.float64(0.62), np.float64(0.62), np.float64(0.62), np.float64(0.62), np.float64(0.62), np.float64(0.62), np.float64(0.62), np.float64(0.62), np.float64(0.62), np.float64(0.62), np.float64(0.62), np.float64(0.62), np.float64(0.62), np.float64(0.62), np.float64(0.62), np.float64(0.62), np.float64(0.62), np.float64(0.62), np.float64(0.62), np.float64(0.62), np.float64(0.62), np.float64(0.62), np.float64(0.62), np.float64(0.62), np.float64(0.62), np.float64(0.62), np.float64(0.62), np.float64(0.62), np.float64(0.62), np.float64(0.62), np.float64(0.62), np.float64(0.62), np.float64(0.62), np.float64(0.62), np.float64(0.62), np.float64(0.62)]","[np.float64(0.028), np.float64(0.032)]","[np.float64(1.0), np.float64(1.0), np.float64(0.24), np.float64(0.38)]",1.0,1.0,0.24,0.38,"psych_curve(xdata=array([-70.,  70.]), ydata=[np.float64(0.461), np.float64(0.849)], fit=[np.float64(nan), np.float64(nan), np.float64(nan), np.float64(nan), np.float64(nan), np.float64(nan), np.float64(nan), np.float64(nan), np.float64(nan), np.float64(nan), np.float64(nan), np.float64(nan), np.float64(nan), np.float64(nan), np.float64(nan), np.float64(nan), np.float64(nan), np.float64(nan), np.float64(nan), np.float64(nan), np.float64(nan), np.float64(nan), np.float64(nan), np.float64(nan), np.float64(nan), np.float64(nan), np.float64(nan), np.float64(nan), np.float64(nan), np.float64(nan), np.float64(nan), np.float64(nan), np.float64(nan), np.float64(nan), np.float64(nan), np.float64(nan), np.float64(nan), np.float64(nan), np.float64(nan), np.float64(nan), np.float64(nan), np.float64(nan), np.float64(nan), np.float64(nan), np.float64(nan), np.float64(nan), np.float64(nan), np.float64(nan), np.float64(nan), np.float64(nan), np.float64(nan), np.float64(nan), np.float64(nan), np.float64(nan), np.float64(nan), np.float64(nan), np.float64(nan), np.float64(nan), np.float64(nan), np.float64(nan), np.float64(nan), np.float64(nan), np.float64(nan), np.float64(nan), np.float64(nan), np.float64(nan), np.float64(nan), np.float64(nan), np.float64(nan), np.float64(nan), np.float64(nan), np.float64(nan), np.float64(nan), np.float64(nan), np.float64(nan), np.float64(nan), np.float64(nan), np.float64(nan), np.float64(nan), np.float64(nan), np.float64(nan), np.float64(nan), np.float64(nan), np.float64(nan), np.float64(nan), np.float64(nan), np.float64(nan), np.float64(nan), np.float64(nan), np.float64(nan), np.float64(nan), np.float64(nan), np.float64(nan), np.float64(nan), np.float64(nan), np.float64(nan), np.float64(nan), np.float64(nan), np.float64(nan), np.float64(nan)], params=[np.float64(1.0), np.float64(1.0), np.float64(0.46), np.float64(0.15)], fit_error=[np.float64(0.033), np.float64(0.024)])",[-70.  70.],"[np.float64(0.236), np.float64(0.62)]","[np.float64(0.24), np.float64(0.24), np.float64(0.24), np.float64(0.24), np.float64(0.24), np.float64(0.24), np.float64(0.24), np.float64(0.24), np.float64(0.24), np.float64(0.24), np.float64(0.24), np.float64(0.24), np.float64(0.24), np.float64(0.24), np.float64(0.24), np.float64(0.24), np.float64(0.24), np.float64(0.24), np.float64(0.24), np.float64(0.24), np.float64(0.24), np.float64(0.24), np.float64(0.24), np.float64(0.24), np.float64(0.24), np.float64(0.24), np.float64(0.24), np.float64(0.24), np.float64(0.24), np.float64(0.24), np.float64(0.24), np.float64(0.24), np.float64(0.24), np.float64(0.24), np.float64(0.24), np.float64(0.24), np.float64(0.24), np.float64(0.24), np.float64(0.24), np.float64(0.24), np.float64(0.24), np.float64(0.24), np.float64(0.24), np.float64(0.24), np.float64(0.24), np.float64(0.24), np.float64(0.241), np.float64(0.244), np.float64(0.256), np.float64(0.298), np.float64(0.402), np.float64(0.527), np.float64(0.592), np.float64(0.613), np.float64(0.618), np.float64(0.62), np.float64(0.62), np.float64(0.62), np.float64(0.62), np.float64(0.62), np.float64(0.62), np.float64(0.62), np.float64(0.62), np.float64(0.62), np.float64(0.62), np.float64(0.62), np.float64(0.62), np.float64(0.62), np.float64(0.62), np.float64(0.62), np.float64(0.62), np.float64(0.62), np.float64(0.62), np.float64(0.62), np.float64(0.62), np.float64(0.62), np.float64(0.62), np.float64(0.62), np.float64(0.62), np.float64(0.62), np.float64(0.62), np.float64(0.62), np.float64(0.62), np.float64(0.62), np.float64(0.62), np.float64(0.62), np.float64(0.62), np.float64(0.62), np.float64(0.62), np.float64(0.62), np.float64(0.62), np.float64(0.62), np.float64(0.62), np.float64(0.62), np.float64(0.62), np.float64(0.62), np.float64(0.62), np.float64(0.62), np.float64(0.62), np.float64(0.62)]","[np.float64(0.028), np.float64(0.032)]","[np.float64(1.0), np.float64(1.0), np.float64(0.46), np.float64(0.15)]",1.0,1.0,0.46,0.15,
2022-02-16,2,130,334,Bpod6,618,322,296,338,273,452,248,204,279,169,159,69,90,0.7313915857605178,0.7701863354037267,0.6891891891891891,611,317,294,404,235,169,0.6952662721893491,0.6190476190476191,201,102,99,0.30177514792899407,0.3626373626373626,0.7397708674304418,0.7823343848580442,0.6938775510204082,0.7397708674304418,-0.08845683383763603,0.6905940594059405,0.8407960199004975,-0.15020196049455692,0.657156945618484,0.3322062552831784,7,5,2,0.011326860841423949,0.015527950310559006,0.006756756756756757,452,248,204,1130.0,620.0,510.0,3.0,0,0,0,0.0,,"psych_curve(xdata=array([-70.,  70.]), ydata=[np.float64(0.218), np.float64(0.694)], fit=[np.float64(0.22), np.float64(0.22), np.float64(0.22), np.float64(0.22), np.float64(0.22), np.float64(0.22), np.float64(0.22), np.float64(0.22), np.float64(0.22), np.float64(0.22), np.float64(0.22), np.float64(0.22), np.float64(0.22), np.float64(0.22), np.float64(0.22), np.float64(0.22), np.float64(0.22), np.float64(0.22), np.float64(0.22), np.float64(0.22), np.float64(0.22), np.float64(0.22), np.float64(0.22), np.float64(0.22), np.float64(0.22), np.float64(0.22), np.float64(0.22), np.float64(0.22), np.float64(0.22), np.float64(0.22), np.float64(0.22), np.float64(0.22), np.float64(0.22), np.float64(0.22), np.float64(0.22), np.float64(0.22), np.float64(0.22), np.float64(0.22), np.float64(0.22), np.float64(0.22), np.float64(0.22), np.float64(0.22), np.float64(0.22), np.float64(0.22), np.float64(0.22), np.float64(0.22), np.float64(0.221), np.float64(0.225), np.float64(0.24), np.float64(0.292), np.float64(0.421), np.float64(0.574), np.float64(0.655), np.float64(0.681), np.float64(0.688), np.float64(0.689), np.float64(0.69), np.float64(0.69), np.float64(0.69), np.float64(0.69), np.float64(0.69), np.float64(0.69), np.float64(0.69), np.float64(0.69), np.float64(0.69), np.float64(0.69), np.float64(0.69), np.float64(0.69), np.float64(0.69), np.float64(0.69), np.float64(0.69), np.float64(0.69), np.float64(0.69), np.float64(0.69), np.float64(0.69), np.float64(0.69), np.float64(0.69), np.float64(0.69), np.float64(0.69), np.float64(0.69), np.float64(0.69), np.float64(0.69), np.float64(0.69), np.float64(0.69), np.float64(0.69), np.float64(0.69), np.float64(0.69), np.float64(0.69), np.float64(0.69), np.float64(0.69), np.float64(0.69), np.float64(0.69), np.float64(0.69), np.float64(0.69), np.float64(0.69), np.float64(0.69), np.float64(0.69), np.float64(0.69), np.float64(0.69), np.float64(0.69)], params=[np.float64(1.0), np.float64(1.0), np.float64(0.22), np.float64(0.31)], fit_error=[np.float64(0.023), np.float64(0.027)])",[-70.  70.],"[np.float64(0.218), np.float64(0.694)]","[np.float64(0.22), np.float64(0.22), np.float64(0.22), np.float64(0.22), np.float64(0.22), np.float64(0.22), np.float64(0.22), np.float64(0.22), np.float64(0.22), np.float64(0.22), np.float64(0.22), np.float64(0.22), np.float64(0.22), np.float64(0.22), np.float64(0.22), np.float64(0.22), np.float64(0.22), np.float64(0.22), np.float64(0.22), np.float64(0.22), np.float64(0.22), np.float64(0.22), np.float64(0.22), np.float64(0.22), np.float64(0.22), np.float64(0.22), np.float64(0.22), np.float64(0.22), np.float64(0.22), np.float64(0.22), np.float64(0.22), np.float64(0.22), np.float64(0.22), np.float64(0.22), np.float64(0.22), np.float64(0.22), np.float64(0.22), np.float64(0.22), np.float64(0.22), np.float64(0.22), np.float64(0.22), np.float64(0.22), np.float64(0.22), np.float64(0.22), np.float64(0.22), np.float64(0.22), np.float64(0.221), np.float64(0.225), np.float64(0.24), np.float64(0.292), np.float64(0.421), np.float64(0.574), np.float64(0.655), np.float64(0.681), np.float64(0.688), np.float64(0.689), np.float64(0.69), np.float64(0.69), np.float64(0.69), np.float64(0.69), np.float64(0.69), np.float64(0.69), np.float64(0.69), np.float64(0.69), np.float64(0.69), np.float64(0.69), np.float64(0.69), np.float64(0.69), np.float64(0.69), np.float64(0.69), np.float64(0.69), np.float64(0.69), np.float64(0.69), np.float64(0.69), np.float64(0.69), np.float64(0.69), np.float64(0.69), np.float64(0.69), np.float64(0.69), np.float64(0.69), np.float64(0.69), np.float64(0.69), np.float64(0.69), np.float64(0.69), np.float64(0.69), np.float64(0.69), np.float64(0.69), np.float64(0.69), np.float64(0.69), np.float64(0.69), np.float64(0.69), np.float64(0.69), np.float64(0.69), np.float64(0.69), np.float64(0.69), np.float64(0.69), np.float64(0.69), np.float64(0.69), np.float64(0.69), np.float64(0.69)]","[np.float64(0.023), np.float64(0.027)]","[np.float64(1.0), np.float64(1.0), np.float64(0.22), np.float64(0.31)]",1.0,1.0,0.22,0.31,"psych_curve(xdata=array([-70.,  70.]), ydata=[np.float64(0.425), np.float64(0.897)], fit=[np.float64(nan), np.float64(nan), np.float64(nan), np.float64(nan), np.float64(nan), np.float64(nan), np.float64(nan), np.float64(nan), np.float64(nan), np.float64(nan), np.float64(nan), np.float64(nan), np.float64(nan), np.float64(nan), np.float64(nan), np.float64(nan), np.float64(nan), np.float64(nan), np.float64(nan), np.float64(nan), np.float64(nan), np.float64(nan), np.float64(nan), np.float64(nan), np.float64(nan), np.float64(nan), np.float64(nan), np.float64(nan), np.float64(nan), np.float64(nan), np.float64(nan), np.float64(nan), np.float64(nan), np.float64(nan), np.float64(nan), np.float64(nan), np.float64(nan), np.float64(nan), np.float64(nan), np.float64(nan), np.float64(nan), np.float64(nan), np.float64(nan), np.float64(nan), np.float64(nan), np.float64(nan), np.float64(nan), np.float64(nan), np.float64(nan), np.float64(nan), np.float64(nan), np.float64(nan), np.float64(nan), np.float64(nan), np.float64(nan), np.float64(nan), np.float64(nan), np.float64(nan), np.float64(nan), np.float64(nan), np.float64(nan), np.float64(nan), np.float64(nan), np.float64(nan), np.float64(nan), np.float64(nan), np.float64(nan), np.float64(nan), np.float64(nan), np.float64(nan), np.float64(nan), np.float64(nan), np.float64(nan), np.float64(nan), np.float64(nan), np.float64(nan), np.float64(nan), np.float64(nan), np.float64(nan), np.float64(nan), np.float64(nan), np.float64(nan), np.float64(nan), np.float64(nan), np.float64(nan), np.float64(nan), np.float64(nan), np.float64(nan), np.float64(nan), np.float64(nan), np.float64(nan), np.float64(nan), np.float64(nan), np.float64(nan), np.float64(nan), np.float64(nan), np.float64(nan), np.float64(nan), np.float64(nan), np.float64(nan)], params=[np.float64(1.0), np.float64(1.0), np.float64(0.42), np.float64(0.1)], fit_error=[np.float64(0.029), np.float64(0.017)])",[-70.  70.],"[np.float64(0.218), np.float64(0.694)]","[np.float64(0.22), np.float64(0.22), np.float64(0.22), np.float64(0.22), np.float64(0.22), np.float64(0.22), np.float64(0.22), np.float64(0.22), np.float64(0.22), np.float64(0.22), np.float64(0.22), np.float64(0.22), np.float64(0.22), np.float64(0.22), np.float64(0.22), np.float64(0.22), np.float64(0.22), np.float64(0.22), np.float64(0.22), np.float64(0.22), np.float64(0.22), np.float64(0.22), np.float64(0.22), np.float64(0.22), np.float64(0.22), np.float64(0.22), np.float64(0.22), np.float64(0.22), np.float64(0.22), np.float64(0.22), np.float64(0.22), np.float64(0.22), np.float64(0.22), np.float64(0.22), np.float64(0.22), np.float64(0.22), np.float64(0.22), np.float64(0.22), np.float64(0.22), np.float64(0.22), np.float64(0.22), np.float64(0.22), np.float64(0.22), np.float64(0.22), np.float64(0.22), np.float64(0.22), np.float64(0.221), np.float64(0.225), np.float64(0.24), np.float64(0.292), np.float64(0.421), np.float64(0.574), np.float64(0.655), np.float64(0.681), np.float64(0.688), np.float64(0.689), np.float64(0.69), np.float64(0.69), np.float64(0.69), np.float64(0.69), np.float64(0.69), np.float64(0.69), np.float64(0.69), np.float64(0.69), np.float64(0.69), np.float64(0.69), np.float64(0.69), np.float64(0.69), np.float64(0.69), np.float64(0.69), np.float64(0.69), np.float64(0.69), np.float64(0.69), np.float64(0.69), np.float64(0.69), np.float64(0.69), np.float64(0.69), np.float64(0.69), np.float64(0.69), np.float64(0.69), np.float64(0.69), np.float64(0.69), np.float64(0.69), np.float64(0.69), np.float64(0.69), np.float64(0.69), np.float64(0.69), np.float64(0.69), np.float64(0.69), np.float64(0.69), np.float64(0.69), np.float64(0.69), np.float64(0.69), np.float64(0.69), np.float64(0.69), np.float64(0.69), np.float64(0.69), np.float64(0.69), np.float64(0.69), np.float64(0.69)]","[np.float64(0.023), np.float64(0.027)]","[np.float64(1.0), np.float64(1.0), np.float64(0.42), np.float64(0.1)]",1.0,1.0,0.42,0.1,
2022-02-21,0,135,334,Bpod6,401,218,183,177,224,256,125,131,137,118,145,93,52,0.6384039900249376,0.573394495412844,0.7158469945355191,401,218,183,227,90,137,0.5084745762711864,0.6116071428571429,172,86,86,0.4858757062146893,0.38392857142857145,0.6384039900249376,0.573394495412844,0.7158469945355191,0.6384039900249376,0.1424524991226751,0.6035242290748899,0.686046511627907,-0.08252228255301708,0.5600408595641646,0.43490213882163037,0,0,0,0.0,0.0,0.0,256,125,131,640.0,312.5,327.5,3.0,0,0,0,0.0,,"psych_curve(xdata=array([-70.,  70.]), ydata=[np.float64(0.427), np.float64(0.716)], fit=[np.float64(0.43), np.float64(0.43), np.float64(0.43), np.float64(0.43), np.float64(0.43), np.float64(0.43), np.float64(0.43), np.float64(0.43), np.float64(0.43), np.float64(0.43), np.float64(0.43), np.float64(0.43), np.float64(0.43), np.float64(0.43), np.float64(0.43), np.float64(0.43), np.float64(0.43), np.float64(0.43), np.float64(0.43), np.float64(0.43), np.float64(0.43), np.float64(0.43), np.float64(0.43), np.float64(0.43), np.float64(0.43), np.float64(0.43), np.float64(0.43), np.float64(0.43), np.float64(0.43), np.float64(0.43), np.float64(0.43), np.float64(0.43), np.float64(0.43), np.float64(0.43), np.float64(0.43), np.float64(0.43), np.float64(0.43), np.float64(0.43), np.float64(0.43), np.float64(0.43), np.float64(0.43), np.float64(0.43), np.float64(0.43), np.float64(0.43), np.float64(0.43), np.float64(0.43), np.float64(0.431), np.float64(0.433), np.float64(0.442), np.float64(0.475), np.float64(0.554), np.float64(0.649), np.float64(0.699), np.float64(0.715), np.float64(0.719), np.float64(0.72), np.float64(0.72), np.float64(0.72), np.float64(0.72), np.float64(0.72), np.float64(0.72), np.float64(0.72), np.float64(0.72), np.float64(0.72), np.float64(0.72), np.float64(0.72), np.float64(0.72), np.float64(0.72), np.float64(0.72), np.float64(0.72), np.float64(0.72), np.float64(0.72), np.float64(0.72), np.float64(0.72), np.float64(0.72), np.float64(0.72), np.float64(0.72), np.float64(0.72), np.float64(0.72), np.float64(0.72), np.float64(0.72), np.float64(0.72), np.float64(0.72), np.float64(0.72), np.float64(0.72), np.float64(0.72), np.float64(0.72), np.float64(0.72), np.float64(0.72), np.float64(0.72), np.float64(0.72), np.float64(0.72), np.float64(0.72), np.float64(0.72), np.float64(0.72), np.float64(0.72), np.float64(0.72), np.float64(0.72), np.float64(0.72), np.float64(0.72)], params=[np.float64(1.0), np.float64(1.0), np.float64(0.43), np.float64(0.28)], fit_error=[np.float64(0.034), np.float64(0.033)])",[-70.  70.],"[np.float64(0.427), np.float64(0.716)]","[np.float64(0.43), np.float64(0.43), np.float64(0.43), np.float64(0.43), np.float64(0.43), np.float64(0.43), np.float64(0.43), np.float64(0.43), np.float64(0.43), np.float64(0.43), np.float64(0.43), np.float64(0.43), np.float64(0.43), np.float64(0.43), np.float64(0.43), np.float64(0.43), np.float64(0.43), np.float64(0.43), np.float64(0.43), np.float64(0.43), np.float64(0.43), np.float64(0.43), np.float64(0.43), np.float64(0.43), np.float64(0.43), np.float64(0.43), np.float64(0.43), np.float64(0.43), np.float64(0.43), np.float64(0.43), np.float64(0.43), np.float64(0.43), np.float64(0.43), np.float64(0.43), np.float64(0.43), np.float64(0.43), np.float64(0.43), np.float64(0.43), np.float64(0.43), np.float64(0.43), np.float64(0.43), np.float64(0.43), np.float64(0.43), np.float64(0.43), np.float64(0.43), np.float64(0.43), np.float64(0.431), np.float64(0.433), np.float64(0.442), np.float64(0.475), np.float64(0.554), np.float64(0.649), np.float64(0.699), np.float64(0.715), np.float64(0.719), np.float64(0.72), np.float64(0.72), np.float64(0.72), np.float64(0.72), np.float64(0.72), np.float64(0.72), np.float64(0.72), np.float64(0.72), np.float64(0.72), np.float64(0.72), np.float64(0.72), np.float64(0.72), np.float64(0.72), np.float64(0.72), np.float64(0.72), np.float64(0.72), np.float64(0.72), np.float64(0.72), np.float64(0.72), np.float64(0.72), np.float64(0.72), np.float64(0.72), np.float64(0.72), np.float64(0.72), np.float64(0.72), np.float64(0.72), np.float64(0.72), np.float64(0.72), np.float64(0.72), np.float64(0.72), np.float64(0.72), np.float64(0.72), np.float64(0.72), np.float64(0.72), np.float64(0.72), np.float64(0.72), np.float64(0.72), np.float64(0.72), np.float64(0.72), np.float64(0.72), np.float64(0.72), np.float64(0.72), np.float64(0.72), np.float64(0.72), np.float64(0.72)]","[np.float64(0.034), np.float64(0.033)]","[np.float64(1.0), np.float64(1.0), np.float64(0.43), np.float64(0.28)]",1.0,1.0,0.43,0.28,"psych_curve(xdata=array([-70.,  70.]), ydata=[np.float64(0.433), np.float64(0.717)], fit=[np.float64(nan), np.float64(nan), np.float64(nan), np.float64(nan), np.float64(nan), np.float64(nan), np.float64(nan), np.float64(nan), np.float64(nan), np.float64(nan), np.float64(nan), np.float64(nan), np.float64(nan), np.float64(nan), np.float64(nan), np.float64(nan), np.float64(nan), np.float64(nan), np.float64(nan), np.float64(nan), np.float64(nan), np.float64(nan), np.float64(nan), np.float64(nan), np.float64(nan), np.float64(nan), np.float64(nan), np.float64(nan), np.float64(nan), np.float64(nan), np.float64(nan), np.float64(nan), np.float64(nan), np.float64(nan), np.float64(nan), np.float64(nan), np.float64(nan), np.float64(nan), np.float64(nan), np.float64(nan), np.float64(nan), np.float64(nan), np.float64(nan), np.float64(nan), np.float64(nan), np.float64(nan), np.float64(nan), np.float64(nan), np.float64(nan), np.float64(nan), np.float64(nan), np.float64(nan), np.float64(nan), np.float64(nan), np.float64(nan), np.float64(nan), np.float64(nan), np.float64(nan), np.float64(nan), np.float64(nan), np.float64(nan), np.float64(nan), np.float64(nan), np.float64(nan), np.float64(nan), np.float64(nan), np.float64(nan), np.float64(nan), np.float64(nan), np.float64(nan), np.float64(nan), np.float64(nan), np.float64(nan), np.float64(nan), np.float64(nan), np.float64(nan), np.float64(nan), np.float64(nan), np.float64(nan), np.float64(nan), np.float64(nan), np.float64(nan), np.float64(nan), np.float64(nan), np.float64(nan), np.float64(nan), np.float64(nan), np.float64(nan), np.float64(nan), np.float64(nan), np.float64(nan), np.float64(nan), np.float64(nan), np.float64(nan), np.float64(nan), np.float64(nan), np.float64(nan), np.float64(nan), np.float64(nan), np.float64(nan)], params=[np.float64(1.0), np.float64(1.0), np.float64(0.43), np.float64(0.28)], fit_error=[np.float64(0.034), np.float64(0.033)])",[-70.  70.],"[np.float64(0.427), np.float64(0.716)]","[np.float64(0.43), np.float64(0.43), np.float64(0.43), np.float64(0.43), np.float64(0.43), np.float64(0.43), np.float64(0.43), np.float64(0.43), np.float64(0.43), np.float64(0.43), np.float64(0.43), np.float64(0.43), np.float64(0.43), np.float64(0.43), np.float64(0.43), np.float64(0.43), np.float64(0.43), np.float64(0.43), np.float64(0.43), np.float64(0.43), np.float64(0.43), np.float64(0.43), np.float64(0.43), np.float64(0.43), np.float64(0.43), np.float64(0.43), np.float64(0.43), np.float64(0.43), np.float64(0.43), np.float64(0.43), np.float64(0.43), np.float64(0.43), np.float64(0.43), np.float64(0.43), np.float64(0.43), np.float64(0.43), np.float64(0.43), np.float64(0.43), np.float64(0.43), np.float64(0.43), np.float64(0.43), np.float64(0.43), np.float64(0.43), np.float64(0.43), np.float64(0.43), np.float64(0.43), np.float64(0.431), np.float64(0.433), np.float64(0.442), np.float64(0.475), np.float64(0.554), np.float64(0.649), np.float64(0.699), np.float64(0.715), np.float64(0.719), np.float64(0.72), np.float64(0.72), np.float64(0.72), np.float64(0.72), np.float64(0.72), np.float64(0.72), np.float64(0.72), np.float64(0.72), np.float64(0.72), np.float64(0.72), np.float64(0.72), np.float64(0.72), np.float64(0.72), np.float64(0.72), np.float64(0.72), np.float64(0.72), np.float64(0.72), np.float64(0.72), np.float64(0.72), np.float64(0.72), np.float64(0.72), np.float64(0.72), np.float64(0.72), np.float64(0.72), np.float64(0.72), np.float64(0.72), np.float64(0.72), np.float64(0.72), np.float64(0.72), np.float64(0.72), np.float64(0.72), np.float64(0.72), np.float64(0.72), np.float64(0.72), np.float64(0.72), np.float64(0.72), np.float64(0.72), np.float64(0.72), np.float64(0.72), np.float64(0.72), np.float64(0.72), np.float64(0.72), np.float64(0.72), np.float64(0.72), np.float64(0.72)]","[np.float64(0.034), np.float64(0.033)]","[np.float64(1.0), np.float64(1.0), np.float64(0.43), np.float64(0.28)]",1.0,1.0,0.43,0.28,
2022-02-22,1,136,334,Bpod6,588,291,297,255,329,432,196,236,251,177,152,93,59,0.7346938775510204,0.6735395189003437,0.7946127946127947,584,289,295,364,145,219,0.5686274509803921,0.6656534954407295,214,107,107,0.4196078431372549,0.3252279635258359,0.7397260273972602,0.6782006920415224,0.8,0.7397260273972602,0.1217993079584776,0.6895604395604396,0.8271028037383178,-0.13754236417787824,0.6171404732105608,0.3724179033315454,4,2,2,0.006802721088435374,0.006872852233676976,0.006734006734006734,432,196,236,1080.0,490.0,590.0,3.0,0,0,0,0.0,,"psych_curve(xdata=array([-70.,  70.]), ydata=[np.float64(0.322), np.float64(0.8)], fit=[np.float64(0.32), np.float64(0.32), np.float64(0.32), np.float64(0.32), np.float64(0.32), np.float64(0.32), np.float64(0.32), np.float64(0.32), np.float64(0.32), np.float64(0.32), np.float64(0.32), np.float64(0.32), np.float64(0.32), np.float64(0.32), np.float64(0.32), np.float64(0.32), np.float64(0.32), np.float64(0.32), np.float64(0.32), np.float64(0.32), np.float64(0.32), np.float64(0.32), np.float64(0.32), np.float64(0.32), np.float64(0.32), np.float64(0.32), np.float64(0.32), np.float64(0.32), np.float64(0.32), np.float64(0.32), np.float64(0.32), np.float64(0.32), np.float64(0.32), np.float64(0.32), np.float64(0.32), np.float64(0.32), np.float64(0.32), np.float64(0.32), np.float64(0.32), np.float64(0.32), np.float64(0.32), np.float64(0.32), np.float64(0.32), np.float64(0.32), np.float64(0.32), np.float64(0.32), np.float64(0.321), np.float64(0.325), np.float64(0.34), np.float64(0.394), np.float64(0.525), np.float64(0.682), np.float64(0.765), np.float64(0.791), np.float64(0.798), np.float64(0.799), np.float64(0.8), np.float64(0.8), np.float64(0.8), np.float64(0.8), np.float64(0.8), np.float64(0.8), np.float64(0.8), np.float64(0.8), np.float64(0.8), np.float64(0.8), np.float64(0.8), np.float64(0.8), np.float64(0.8), np.float64(0.8), np.float64(0.8), np.float64(0.8), np.float64(0.8), np.float64(0.8), np.float64(0.8), np.float64(0.8), np.float64(0.8), np.float64(0.8), np.float64(0.8), np.float64(0.8), np.float64(0.8), np.float64(0.8), np.float64(0.8), np.float64(0.8), np.float64(0.8), np.float64(0.8), np.float64(0.8), np.float64(0.8), np.float64(0.8), np.float64(0.8), np.float64(0.8), np.float64(0.8), np.float64(0.8), np.float64(0.8), np.float64(0.8), np.float64(0.8), np.float64(0.8), np.float64(0.8), np.float64(0.8), np.float64(0.8)], params=[np.float64(1.0), np.float64(1.0), np.float64(0.32), np.float64(0.2)], fit_error=[np.float64(0.028), np.float64(0.023)])",[-70.  70.],"[np.float64(0.322), np.float64(0.8)]","[np.float64(0.32), np.float64(0.32), np.float64(0.32), np.float64(0.32), np.float64(0.32), np.float64(0.32), np.float64(0.32), np.float64(0.32), np.float64(0.32), np.float64(0.32), np.float64(0.32), np.float64(0.32), np.float64(0.32), np.float64(0.32), np.float64(0.32), np.float64(0.32), np.float64(0.32), np.float64(0.32), np.float64(0.32), np.float64(0.32), np.float64(0.32), np.float64(0.32), np.float64(0.32), np.float64(0.32), np.float64(0.32), np.float64(0.32), np.float64(0.32), np.float64(0.32), np.float64(0.32), np.float64(0.32), np.float64(0.32), np.float64(0.32), np.float64(0.32), np.float64(0.32), np.float64(0.32), np.float64(0.32), np.float64(0.32), np.float64(0.32), np.float64(0.32), np.float64(0.32), np.float64(0.32), np.float64(0.32), np.float64(0.32), np.float64(0.32), np.float64(0.32), np.float64(0.32), np.float64(0.321), np.float64(0.325), np.float64(0.34), np.float64(0.394), np.float64(0.525), np.float64(0.682), np.float64(0.765), np.float64(0.791), np.float64(0.798), np.float64(0.799), np.float64(0.8), np.float64(0.8), np.float64(0.8), np.float64(0.8), np.float64(0.8), np.float64(0.8), np.float64(0.8), np.float64(0.8), np.float64(0.8), np.float64(0.8), np.float64(0.8), np.float64(0.8), np.float64(0.8), np.float64(0.8), np.float64(0.8), np.float64(0.8), np.float64(0.8), np.float64(0.8), np.float64(0.8), np.float64(0.8), np.float64(0.8), np.float64(0.8), np.float64(0.8), np.float64(0.8), np.float64(0.8), np.float64(0.8), np.float64(0.8), np.float64(0.8), np.float64(0.8), np.float64(0.8), np.float64(0.8), np.float64(0.8), np.float64(0.8), np.float64(0.8), np.float64(0.8), np.float64(0.8), np.float64(0.8), np.float64(0.8), np.float64(0.8), np.float64(0.8), np.float64(0.8), np.float64(0.8), np.float64(0.8), np.float64(0.8)]","[np.float64(0.028), np.float64(0.023)]","[np.float64(1.0), np.float64(1.0), np.float64(0.32), np.float64(0.2)]",1.0,1.0,0.32,0.2,"psych_curve(xdata=array([-70.,  70.]), ydata=[np.float64(0.39), np.float64(0.872)], fit=[np.float64(nan), np.float64(nan), np.float64(nan), np.float64(nan), np.float64(nan), np.float64(nan), np.float64(nan), np.float64(nan), np.float64(nan), np.float64(nan), np.float64(nan), np.float64(nan), np.float64(nan), np.float64(nan), np.float64(nan), np.float64(nan), np.float64(nan), np.float64(nan), np.float64(nan), np.float64(nan), np.float64(nan), np.float64(nan), np.float64(nan), np.float64(nan), np.float64(nan), np.float64(nan), np.float64(nan), np.float64(nan), np.float64(nan), np.float64(nan), np.float64(nan), np.float64(nan), np.float64(nan), np.float64(nan), np.float64(nan), np.float64(nan), np.float64(nan), np.float64(nan), np.float64(nan), np.float64(nan), np.float64(nan), np.float64(nan), np.float64(nan), np.float64(nan), np.float64(nan), np.float64(nan), np.float64(nan), np.float64(nan), np.float64(nan), np.float64(nan), np.float64(nan), np.float64(nan), np.float64(nan), np.float64(nan), np.float64(nan), np.float64(nan), np.float64(nan), np.float64(nan), np.float64(nan), np.float64(nan), np.float64(nan), np.float64(nan), np.float64(nan), np.float64(nan), np.float64(nan), np.float64(nan), np.float64(nan), np.float64(nan), np.float64(nan), np.float64(nan), np.float64(nan), np.float64(nan), np.float64(nan), np.float64(nan), np.float64(nan), np.float64(nan), np.float64(nan), np.float64(nan), np.float64(nan), np.float64(nan), np.float64(nan), np.float64(nan), np.float64(nan), np.float64(nan), np.float64(nan), np.float64(nan), np.float64(nan), np.float64(nan), np.float64(nan), np.float64(nan), np.float64(nan), np.float64(nan), np.float64(nan), np.float64(nan), np.float64(nan), np.float64(nan), np.float64(nan), np.float64(nan), np.float64(nan), np.float64(nan)], params=[np.float64(1.0), np.float64(1.0), np.float64(0.39), np.float64(0.13)], fit_error=[np.float64(0.029), np.float64(0.02)])",[-70.  70.],"[np.float64(0.322), np.float64(0.8)]","[np.float64(0.32), np.float64(0.32), np.float64(0.32), np.float64(0.32), np.float64(0.32), np.float64(0.32), np.float64(0.32), np.float64(0.32), np.float64(0.32), np.float64(0.32), np.float64(0.32), np.float64(0.32), np.float64(0.32), np.float64(0.32), np.float64(0.32), np.float64(0.32), np.float64(0.32), np.float64(0.32), np.float64(0.32), np.float64(0.32), np.float64(0.32), np.float64(0.32), np.float64(0.32), np.float64(0.32), np.float64(0.32), np.float64(0.32), np.float64(0.32), np.float64(0.32), np.float64(0.32), np.float64(0.32), np.float64(0.32), np.float64(0.32), np.float64(0.32), np.float64(0.32), np.float64(0.32), np.float64(0.32), np.float64(0.32), np.float64(0.32), np.float64(0.32), np.float64(0.32), np.float64(0.32), np.float64(0.32), np.float64(0.32), np.float64(0.32), np.float64(0.32), np.float64(0.32), np.float64(0.321), np.float64(0.325), np.float64(0.34), np.float64(0.394), np.float64(0.525), np.float64(0.682), np.float64(0.765), np.float64(0.791), np.float64(0.798), np.float64(0.799), np.float64(0.8), np.float64(0.8), np.float64(0.8), np.float64(0.8), np.float64(0.8), np.float64(0.8), np.float64(0.8), np.float64(0.8), np.float64(0.8), np.float64(0.8), np.float64(0.8), np.float64(0.8), np.float64(0.8), np.float64(0.8), np.float64(0.8), np.float64(0.8), np.float64(0.8), np.float64(0.8), np.float64(0.8), np.float64(0.8), np.float64(0.8), np.float64(0.8), np.float64(0.8), np.float64(0.8), np.float64(0.8), np.float64(0.8), np.float64(0.8), np.float64(0.8), np.float64(0.8), np.float64(0.8), np.float64(0.8), np.float64(0.8), np.float64(0.8), np.float64(0.8), np.float64(0.8), np.float64(0.8), np.float64(0.8), np.float64(0.8), np.float64(0.8), np.float64(0.8), np.float64(0.8), np.float64(0.8), np.float64(0.8), np.float64(0.8)]","[np.float64(0.028), np.float64(0.023)]","[np.float64(1.0), np.float64(1.0), np.float64(0.39), np.float64(0.13)]",1.0,1.0,0.39,0.13,
2022-02-23,2,137,334,Bpod6,721,370,351,428,286,516,298,218,288,222,198,68,130,0.7156726768377254,0.8054054054054054,0.6210826210826211,714,366,348,408,278,130,0.6495327102803738,0.45454545454545453,297,149,148,0.34813084112149534,0.5174825174825175,0.7226890756302521,0.8142076502732241,0.6264367816091954,0.7226890756302521,-0.1877708686640287,0.7058823529411765,0.7474747474747475,-0.041592394533571,0.5520390824129142,0.43280667930200645,7,4,3,0.009708737864077669,0.010810810810810811,0.008547008547008548,516,298,218,1290.0,745.0,545.0,3.0,0,0,0,0.0,,"psych_curve(xdata=array([-70.,  70.]), ydata=[np.float64(0.186), np.float64(0.626)], fit=[np.float64(0.19), np.float64(0.19), np.float64(0.19), np.float64(0.19), np.float64(0.19), np.float64(0.19), np.float64(0.19), np.float64(0.19), np.float64(0.19), np.float64(0.19), np.float64(0.19), np.float64(0.19), np.float64(0.19), np.float64(0.19), np.float64(0.19), np.float64(0.19), np.float64(0.19), np.float64(0.19), np.float64(0.19), np.float64(0.19), np.float64(0.19), np.float64(0.19), np.float64(0.19), np.float64(0.19), np.float64(0.19), np.float64(0.19), np.float64(0.19), np.float64(0.19), np.float64(0.19), np.float64(0.19), np.float64(0.19), np.float64(0.19), np.float64(0.19), np.float64(0.19), np.float64(0.19), np.float64(0.19), np.float64(0.19), np.float64(0.19), np.float64(0.19), np.float64(0.19), np.float64(0.19), np.float64(0.19), np.float64(0.19), np.float64(0.19), np.float64(0.19), np.float64(0.19), np.float64(0.191), np.float64(0.195), np.float64(0.209), np.float64(0.258), np.float64(0.378), np.float64(0.522), np.float64(0.598), np.float64(0.622), np.float64(0.628), np.float64(0.629), np.float64(0.63), np.float64(0.63), np.float64(0.63), np.float64(0.63), np.float64(0.63), np.float64(0.63), np.float64(0.63), np.float64(0.63), np.float64(0.63), np.float64(0.63), np.float64(0.63), np.float64(0.63), np.float64(0.63), np.float64(0.63), np.float64(0.63), np.float64(0.63), np.float64(0.63), np.float64(0.63), np.float64(0.63), np.float64(0.63), np.float64(0.63), np.float64(0.63), np.float64(0.63), np.float64(0.63), np.float64(0.63), np.float64(0.63), np.float64(0.63), np.float64(0.63), np.float64(0.63), np.float64(0.63), np.float64(0.63), np.float64(0.63), np.float64(0.63), np.float64(0.63), np.float64(0.63), np.float64(0.63), np.float64(0.63), np.float64(0.63), np.float64(0.63), np.float64(0.63), np.float64(0.63), np.float64(0.63), np.float64(0.63), np.float64(0.63)], params=[np.float64(1.0), np.float64(1.0), np.float64(0.19), np.float64(0.37)], fit_error=[np.float64(0.02), np.float64(0.026)])",[-70.  70.],"[np.float64(0.186), np.float64(0.626)]","[np.float64(0.19), np.float64(0.19), np.float64(0.19), np.float64(0.19), np.float64(0.19), np.float64(0.19), np.float64(0.19), np.float64(0.19), np.float64(0.19), np.float64(0.19), np.float64(0.19), np.float64(0.19), np.float64(0.19), np.float64(0.19), np.float64(0.19), np.float64(0.19), np.float64(0.19), np.float64(0.19), np.float64(0.19), np.float64(0.19), np.float64(0.19), np.float64(0.19), np.float64(0.19), np.float64(0.19), np.float64(0.19), np.float64(0.19), np.float64(0.19), np.float64(0.19), np.float64(0.19), np.float64(0.19), np.float64(0.19), np.float64(0.19), np.float64(0.19), np.float64(0.19), np.float64(0.19), np.float64(0.19), np.float64(0.19), np.float64(0.19), np.float64(0.19), np.float64(0.19), np.float64(0.19), np.float64(0.19), np.float64(0.19), np.float64(0.19), np.float64(0.19), np.float64(0.19), np.float64(0.191), np.float64(0.195), np.float64(0.209), np.float64(0.258), np.float64(0.378), np.float64(0.522), np.float64(0.598), np.float64(0.622), np.float64(0.628), np.float64(0.629), np.float64(0.63), np.float64(0.63), np.float64(0.63), np.float64(0.63), np.float64(0.63), np.float64(0.63), np.float64(0.63), np.float64(0.63), np.float64(0.63), np.float64(0.63), np.float64(0.63), np.float64(0.63), np.float64(0.63), np.float64(0.63), np.float64(0.63), np.float64(0.63), np.float64(0.63), np.float64(0.63), np.float64(0.63), np.float64(0.63), np.float64(0.63), np.float64(0.63), np.float64(0.63), np.float64(0.63), np.float64(0.63), np.float64(0.63), np.float64(0.63), np.float64(0.63), np.float64(0.63), np.float64(0.63), np.float64(0.63), np.float64(0.63), np.float64(0.63), np.float64(0.63), np.float64(0.63), np.float64(0.63), np.float64(0.63), np.float64(0.63), np.float64(0.63), np.float64(0.63), np.float64(0.63), np.float64(0.63), np.float64(0.63), np.float64(0.63)]","[np.float64(0.02), np.float64(0.026)]","[np.float64(1.0), np.float64(1.0), np.float64(0.19), np.float64(0.37)]",1.0,1.0,0.19,0.37,"psych_curve(xdata=array([-70.,  70.]), ydata=[np.float64(0.351), np.float64(0.793)], fit=[np.float64(nan), np.float64(nan), np.float64(nan), np.float64(nan), np.float64(nan), np.float64(nan), np.float64(nan), np.float64(nan), np.float64(nan), np.float64(nan), np.float64(nan), np.float64(nan), np.float64(nan), np.float64(nan), np.float64(nan), np.float64(nan), np.float64(nan), np.float64(nan), np.float64(nan), np.float64(nan), np.float64(nan), np.float64(nan), np.float64(nan), np.float64(nan), np.float64(nan), np.float64(nan), np.float64(nan), np.float64(nan), np.float64(nan), np.float64(nan), np.float64(nan), np.float64(nan), np.float64(nan), np.float64(nan), np.float64(nan), np.float64(nan), np.float64(nan), np.float64(nan), np.float64(nan), np.float64(nan), np.float64(nan), np.float64(nan), np.float64(nan), np.float64(nan), np.float64(nan), np.float64(nan), np.float64(nan), np.float64(nan), np.float64(nan), np.float64(nan), np.float64(nan), np.float64(nan), np.float64(nan), np.float64(nan), np.float64(nan), np.float64(nan), np.float64(nan), np.float64(nan), np.float64(nan), np.float64(nan), np.float64(nan), np.float64(nan), np.float64(nan), np.float64(nan), np.float64(nan), np.float64(nan), np.float64(nan), np.float64(nan), np.float64(nan), np.float64(nan), np.float64(nan), np.float64(nan), np.float64(nan), np.float64(nan), np.float64(nan), np.float64(nan), np.float64(nan), np.float64(nan), np.float64(nan), np.float64(nan), np.float64(nan), np.float64(nan), np.float64(nan), np.float64(nan), np.float64(nan), np.float64(nan), np.float64(nan), np.float64(nan), np.float64(nan), np.float64(nan), np.float64(nan), np.float64(nan), np.float64(nan), np.float64(nan), np.float64(nan), np.float64(nan), np.float64(nan), np.float64(nan), np.float64(nan), np.float64(nan)], params=[np.float64(1.0), np.float64(1.0), np.float64(0.35), np.float64(0.21)], fit_error=[np.float64(0.026), np.float64(0.021)])",[-70.  70.],"[np.float64(0.186), np.float64(0.626)]","[np.float64(0.19), np.float64(0.19), np.float64(0.19), np.float64(0.19), np.float64(0.19), np.float64(0.19), np.float64(0.19), np.float64(0.19), np.float64(0.19), np.float64(0.19), np.float64(0.19), np.float64(0.19), np.float64(0.19), np.float64(0.19), np.float64(0.19), np.float64(0.19), np.float64(0.19), np.float64(0.19), np.float64(0.19), np.float64(0.19), np.float64(0.19), np.float64(0.19), np.float64(0.19), np.float64(0.19), np.float64(0.19), np.float64(0.19), np.float64(0.19), np.float64(0.19), np.float64(0.19), np.float64(0.19), np.float64(0.19), np.float64(0.19), np.float64(0.19), np.float64(0.19), np.float64(0.19), np.float64(0.19), np.float64(0.19), np.float64(0.19), np.float64(0.19), np.float64(0.19), np.float64(0.19), np.float64(0.19), np.float64(0.19), np.float64(0.19), np.float64(0.19), np.float64(0.19), np.float64(0.191), np.float64(0.195), np.float64(0.209), np.float64(0.258), np.float64(0.378), np.float64(0.522), np.float64(0.598), np.float64(0.622), np.float64(0.628), np.float64(0.629), np.float64(0.63), np.float64(0.63), np.float64(0.63), np.float64(0.63), np.float64(0.63), np.float64(0.63), np.float64(0.63), np.float64(0.63), np.float64(0.63), np.float64(0.63), np.float64(0.63), np.float64(0.63), np.float64(0.63), np.float64(0.63), np.float64(0.63), np.float64(0.63), np.float64(0.63), np.float64(0.63), np.float64(0.63), np.float64(0.63), np.float64(0.63), np.float64(0.63), np.float64(0.63), np.float64(0.63), np.float64(0.63), np.float64(0.63), np.float64(0.63), np.float64(0.63), np.float64(0.63), np.float64(0.63), np.float64(0.63), np.float64(0.63), np.float64(0.63), np.float64(0.63), np.float64(0.63), np.float64(0.63), np.float64(0.63), np.float64(0.63), np.float64(0.63), np.float64(0.63), np.float64(0.63), np.float64(0.63), np.float64(0.63), np.float64(0.63)]","[np.float64(0.02), np.float64(0.026)]","[np.float64(1.0), np.float64(1.0), np.float64(0.35), np.float64(0.21)]",1.0,1.0,0.35,0.21,
2022-02-24,3,138,334,Bpod6,529,263,266,300,229,368,201,167,199,167,161,62,99,0.6956521739130435,0.7642585551330798,0.6278195488721805,529,263,266,300,185,115,0.6166666666666667,0.5021834061135371,227,114,113,0.38,0.49344978165938863,0.6956521739130435,0.7642585551330798,0.6278195488721805,0.6956521739130435,-0.13643900626089933,0.6633333333333333,0.73568281938326,-0.07234948604992664,0.5594250363901019,0.43672489082969435,0,0,0,0.0,0.0,0.0,368,201,167,920.0,502.5,417.5,3.0,0,0,2,0.0,,"psych_curve(xdata=array([-70.,  70.]), ydata=[np.float64(0.236), np.float64(0.628)], fit=[np.float64(0.24), np.float64(0.24), np.float64(0.24), np.float64(0.24), np.float64(0.24), np.float64(0.24), np.float64(0.24), np.float64(0.24), np.float64(0.24), np.float64(0.24), np.float64(0.24), np.float64(0.24), np.float64(0.24), np.float64(0.24), np.float64(0.24), np.float64(0.24), np.float64(0.24), np.float64(0.24), np.float64(0.24), np.float64(0.24), np.float64(0.24), np.float64(0.24), np.float64(0.24), np.float64(0.24), np.float64(0.24), np.float64(0.24), np.float64(0.24), np.float64(0.24), np.float64(0.24), np.float64(0.24), np.float64(0.24), np.float64(0.24), np.float64(0.24), np.float64(0.24), np.float64(0.24), np.float64(0.24), np.float64(0.24), np.float64(0.24), np.float64(0.24), np.float64(0.24), np.float64(0.24), np.float64(0.24), np.float64(0.24), np.float64(0.24), np.float64(0.24), np.float64(0.24), np.float64(0.241), np.float64(0.244), np.float64(0.256), np.float64(0.3), np.float64(0.407), np.float64(0.534), np.float64(0.601), np.float64(0.623), np.float64(0.628), np.float64(0.63), np.float64(0.63), np.float64(0.63), np.float64(0.63), np.float64(0.63), np.float64(0.63), np.float64(0.63), np.float64(0.63), np.float64(0.63), np.float64(0.63), np.float64(0.63), np.float64(0.63), np.float64(0.63), np.float64(0.63), np.float64(0.63), np.float64(0.63), np.float64(0.63), np.float64(0.63), np.float64(0.63), np.float64(0.63), np.float64(0.63), np.float64(0.63), np.float64(0.63), np.float64(0.63), np.float64(0.63), np.float64(0.63), np.float64(0.63), np.float64(0.63), np.float64(0.63), np.float64(0.63), np.float64(0.63), np.float64(0.63), np.float64(0.63), np.float64(0.63), np.float64(0.63), np.float64(0.63), np.float64(0.63), np.float64(0.63), np.float64(0.63), np.float64(0.63), np.float64(0.63), np.float64(0.63), np.float64(0.63), np.float64(0.63), np.float64(0.63)], params=[np.float64(1.0), np.float64(1.0), np.float64(0.24), np.float64(0.37)], fit_error=[np.float64(0.026), np.float64(0.03)])",[-70.  70.],"[np.float64(0.236), np.float64(0.628)]","[np.float64(0.24), np.float64(0.24), np.float64(0.24), np.float64(0.24), np.float64(0.24), np.float64(0.24), np.float64(0.24), np.float64(0.24), np.float64(0.24), np.float64(0.24), np.float64(0.24), np.float64(0.24), np.float64(0.24), np.float64(0.24), np.float64(0.24), np.float64(0.24), np.float64(0.24), np.float64(0.24), np.float64(0.24), np.float64(0.24), np.float64(0.24), np.float64(0.24), np.float64(0.24), np.float64(0.24), np.float64(0.24), np.float64(0.24), np.float64(0.24), np.float64(0.24), np.float64(0.24), np.float64(0.24), np.float64(0.24), np.float64(0.24), np.float64(0.24), np.float64(0.24), np.float64(0.24), np.float64(0.24), np.float64(0.24), np.float64(0.24), np.float64(0.24), np.float64(0.24), np.float64(0.24), np.float64(0.24), np.float64(0.24), np.float64(0.24), np.float64(0.24), np.float64(0.24), np.float64(0.241), np.float64(0.244), np.float64(0.256), np.float64(0.3), np.float64(0.407), np.float64(0.534), np.float64(0.601), np.float64(0.623), np.float64(0.628), np.float64(0.63), np.float64(0.63), np.float64(0.63), np.float64(0.63), np.float64(0.63), np.float64(0.63), np.float64(0.63), np.float64(0.63), np.float64(0.63), np.float64(0.63), np.float64(0.63), np.float64(0.63), np.float64(0.63), np.float64(0.63), np.float64(0.63), np.float64(0.63), np.float64(0.63), np.float64(0.63), np.float64(0.63), np.float64(0.63), np.float64(0.63), np.float64(0.63), np.float64(0.63), np.float64(0.63), np.float64(0.63), np.float64(0.63), np.float64(0.63), np.float64(0.63), np.float64(0.63), np.float64(0.63), np.float64(0.63), np.float64(0.63), np.float64(0.63), np.float64(0.63), np.float64(0.63), np.float64(0.63), np.float64(0.63), np.float64(0.63), np.float64(0.63), np.float64(0.63), np.float64(0.63), np.float64(0.63), np.float64(0.63), np.float64(0.63), np.float64(0.63)]","[np.float64(0.026), np.float64(0.03)]","[np.float64(1.0), np.float64(1.0), np.float64(0.24), np.float64(0.37)]",1.0,1.0,0.24,0.37,"psych_curve(xdata=array([-70.,  70.]), ydata=[np.float64(0.377), np.float64(0.768)], fit=[np.float64(nan), np.float64(nan), np.float64(nan), np.float64(nan), np.float64(nan), np.float64(nan), np.float64(nan), np.float64(nan), np.float64(nan), np.float64(nan), np.float64(nan), np.float64(nan), np.float64(nan), np.float64(nan), np.float64(nan), np.float64(nan), np.float64(nan), np.float64(nan), np.float64(nan), np.float64(nan), np.float64(nan), np.float64(nan), np.float64(nan), np.float64(nan), np.float64(nan), np.float64(nan), np.float64(nan), np.float64(nan), np.float64(nan), np.float64(nan), np.float64(nan), np.float64(nan), np.float64(nan), np.float64(nan), np.float64(nan), np.float64(nan), np.float64(nan), np.float64(nan), np.float64(nan), np.float64(nan), np.float64(nan), np.float64(nan), np.float64(nan), np.float64(nan), np.float64(nan), np.float64(nan), np.float64(nan), np.float64(nan), np.float64(nan), np.float64(nan), np.float64(nan), np.float64(nan), np.float64(nan), np.float64(nan), np.float64(nan), np.float64(nan), np.float64(nan), np.float64(nan), np.float64(nan), np.float64(nan), np.float64(nan), np.float64(nan), np.float64(nan), np.float64(nan), np.float64(nan), np.float64(nan), np.float64(nan), np.float64(nan), np.float64(nan), np.float64(nan), np.float64(nan), np.float64(nan), np.float64(nan), np.float64(nan), np.float64(nan), np.float64(nan), np.float64(nan), np.float64(nan), np.float64(nan), np.float64(nan), np.float64(nan), np.float64(nan), np.float64(nan), np.float64(nan), np.float64(nan), np.float64(nan), np.float64(nan), np.float64(nan), np.float64(nan), np.float64(nan), np.float64(nan), np.float64(nan), np.float64(nan), np.float64(nan), np.float64(nan), np.float64(nan), np.float64(nan), np.float64(nan), np.float64(nan), np.float64(nan)], params=[np.float64(1.0), np.float64(1.0), np.float64(0.38), np.float64(0.23)], fit_error=[np.float64(0.03), np.float64(0.026)])",[-70.  70.],"[np.float64(0.236), np.float64(0.628)]","[np.float64(0.24), np.float64(0.24), np.float64(0.24), np.float64(0.24), np.float64(0.24), np.float64(0.24), np.float64(0.24), np.float64(0.24), np.float64(0.24), np.float64(0.24), np.float64(0.24), np.float64(0.24), np.float64(0.24), np.float64(0.24), np.float64(0.24), np.float64(0.24), np.float64(0.24), np.float64(0.24), np.float64(0.24), np.float64(0.24), np.float64(0.24), np.float64(0.24), np.float64(0.24), np.float64(0.24), np.float64(0.24), np.float64(0.24), np.float64(0.24), np.float64(0.24), np.float64(0.24), np.float64(0.24), np.float64(0.24), np.float64(0.24), np.float64(0.24), np.float64(0.24), np.float64(0.24), np.float64(0.24), np.float64(0.24), np.float64(0.24), np.float64(0.24), np.float64(0.24), np.float64(0.24), np.float64(0.24), np.float64(0.24), np.float64(0.24), np.float64(0.24), np.float64(0.24), np.float64(0.241), np.float64(0.244), np.float64(0.256), np.float64(0.3), np.float64(0.407), np.float64(0.534), np.float64(0.601), np.float64(0.623), np.float64(0.628), np.float64(0.63), np.float64(0.63), np.float64(0.63), np.float64(0.63), np.float64(0.63), np.float64(0.63), np.float64(0.63), np.float64(0.63), np.float64(0.63), np.float64(0.63), np.float64(0.63), np.float64(0.63), np.float64(0.63), np.float64(0.63), np.float64(0.63), np.float64(0.63), np.float64(0.63), np.float64(0.63), np.float64(0.63), np.float64(0.63), np.float64(0.63), np.float64(0.63), np.float64(0.63), np.float64(0.63), np.float64(0.63), np.float64(0.63), np.float64(0.63), np.float64(0.63), np.float64(0.63), np.float64(0.63), np.float64(0.63), np.float64(0.63), np.float64(0.63), np.float64(0.63), np.float64(0.63), np.float64(0.63), np.float64(0.63), np.float64(0.63), np.float64(0.63), np.float64(0.63), np.float64(0.63), np.float64(0.63), np.float64(0.63), np.float64(0.63), np.float64(0.63)]","[np.float64(0.026), np.float64(0.03)]","[np.float64(1.0), np.float64(1.0), np.float64(0.38), np.float64(0.23)]",1.0,1.0,0.38,0.23,
2022-02-25,4,139,334,Bpod6,272,128,144,127,144,216,100,116,109,105,55,28,27,0.7941176470588235,0.78125,0.8055555555555556,271,128,143,135,60,75,0.47244094488188976,0.5208333333333334,134,67,67,0.5275590551181102,0.4652777777777778,0.7970479704797048,0.78125,0.8111888111888111,0.7970479704797048,0.029938811188811143,0.8074074074074075,0.7835820895522388,0.023825317855168615,0.49663713910761154,0.496418416447944,1,0,1,0.003676470588235294,0.0,0.006944444444444444,216,100,116,540.0,250.0,290.0,3.0,0,0,0,0.0,,"psych_curve(xdata=array([-70.,  70.]), ydata=[np.float64(0.219), np.float64(0.811)], fit=[np.float64(0.22), np.float64(0.22), np.float64(0.22), np.float64(0.22), np.float64(0.22), np.float64(0.22), np.float64(0.22), np.float64(0.22), np.float64(0.22), np.float64(0.22), np.float64(0.22), np.float64(0.22), np.float64(0.22), np.float64(0.22), np.float64(0.22), np.float64(0.22), np.float64(0.22), np.float64(0.22), np.float64(0.22), np.float64(0.22), np.float64(0.22), np.float64(0.22), np.float64(0.22), np.float64(0.22), np.float64(0.22), np.float64(0.22), np.float64(0.22), np.float64(0.22), np.float64(0.22), np.float64(0.22), np.float64(0.22), np.float64(0.22), np.float64(0.22), np.float64(0.22), np.float64(0.22), np.float64(0.22), np.float64(0.22), np.float64(0.22), np.float64(0.22), np.float64(0.22), np.float64(0.22), np.float64(0.22), np.float64(0.22), np.float64(0.22), np.float64(0.22), np.float64(0.22), np.float64(0.222), np.float64(0.226), np.float64(0.245), np.float64(0.311), np.float64(0.472), np.float64(0.665), np.float64(0.767), np.float64(0.799), np.float64(0.807), np.float64(0.809), np.float64(0.81), np.float64(0.81), np.float64(0.81), np.float64(0.81), np.float64(0.81), np.float64(0.81), np.float64(0.81), np.float64(0.81), np.float64(0.81), np.float64(0.81), np.float64(0.81), np.float64(0.81), np.float64(0.81), np.float64(0.81), np.float64(0.81), np.float64(0.81), np.float64(0.81), np.float64(0.81), np.float64(0.81), np.float64(0.81), np.float64(0.81), np.float64(0.81), np.float64(0.81), np.float64(0.81), np.float64(0.81), np.float64(0.81), np.float64(0.81), np.float64(0.81), np.float64(0.81), np.float64(0.81), np.float64(0.81), np.float64(0.81), np.float64(0.81), np.float64(0.81), np.float64(0.81), np.float64(0.81), np.float64(0.81), np.float64(0.81), np.float64(0.81), np.float64(0.81), np.float64(0.81), np.float64(0.81), np.float64(0.81), np.float64(0.81)], params=[np.float64(1.0), np.float64(1.0), np.float64(0.22), np.float64(0.19)], fit_error=[np.float64(0.037), np.float64(0.033)])",[-70.  70.],"[np.float64(0.219), np.float64(0.811)]","[np.float64(0.22), np.float64(0.22), np.float64(0.22), np.float64(0.22), np.float64(0.22), np.float64(0.22), np.float64(0.22), np.float64(0.22), np.float64(0.22), np.float64(0.22), np.float64(0.22), np.float64(0.22), np.float64(0.22), np.float64(0.22), np.float64(0.22), np.float64(0.22), np.float64(0.22), np.float64(0.22), np.float64(0.22), np.float64(0.22), np.float64(0.22), np.float64(0.22), np.float64(0.22), np.float64(0.22), np.float64(0.22), np.float64(0.22), np.float64(0.22), np.float64(0.22), np.float64(0.22), np.float64(0.22), np.float64(0.22), np.float64(0.22), np.float64(0.22), np.float64(0.22), np.float64(0.22), np.float64(0.22), np.float64(0.22), np.float64(0.22), np.float64(0.22), np.float64(0.22), np.float64(0.22), np.float64(0.22), np.float64(0.22), np.float64(0.22), np.float64(0.22), np.float64(0.22), np.float64(0.222), np.float64(0.226), np.float64(0.245), np.float64(0.311), np.float64(0.472), np.float64(0.665), np.float64(0.767), np.float64(0.799), np.float64(0.807), np.float64(0.809), np.float64(0.81), np.float64(0.81), np.float64(0.81), np.float64(0.81), np.float64(0.81), np.float64(0.81), np.float64(0.81), np.float64(0.81), np.float64(0.81), np.float64(0.81), np.float64(0.81), np.float64(0.81), np.float64(0.81), np.float64(0.81), np.float64(0.81), np.float64(0.81), np.float64(0.81), np.float64(0.81), np.float64(0.81), np.float64(0.81), np.float64(0.81), np.float64(0.81), np.float64(0.81), np.float64(0.81), np.float64(0.81), np.float64(0.81), np.float64(0.81), np.float64(0.81), np.float64(0.81), np.float64(0.81), np.float64(0.81), np.float64(0.81), np.float64(0.81), np.float64(0.81), np.float64(0.81), np.float64(0.81), np.float64(0.81), np.float64(0.81), np.float64(0.81), np.float64(0.81), np.float64(0.81), np.float64(0.81), np.float64(0.81), np.float64(0.81)]","[np.float64(0.037), np.float64(0.033)]","[np.float64(1.0), np.float64(1.0), np.float64(0.22), np.float64(0.19)]",1.0,1.0,0.22,0.19,"psych_curve(xdata=array([-70.,  70.]), ydata=[np.float64(0.198), np.float64(0.79)], fit=[np.float64(nan), np.float64(nan), np.float64(nan), np.float64(nan), np.float64(nan), np.float64(nan), np.float64(nan), np.float64(nan), np.float64(nan), np.float64(nan), np.float64(nan), np.float64(nan), np.float64(nan), np.float64(nan), np.float64(nan), np.float64(nan), np.float64(nan), np.float64(nan), np.float64(nan), np.float64(nan), np.float64(nan), np.float64(nan), np.float64(nan), np.float64(nan), np.float64(nan), np.float64(nan), np.float64(nan), np.float64(nan), np.float64(nan), np.float64(nan), np.float64(nan), np.float64(nan), np.float64(nan), np.float64(nan), np.float64(nan), np.float64(nan), np.float64(nan), np.float64(nan), np.float64(nan), np.float64(nan), np.float64(nan), np.float64(nan), np.float64(nan), np.float64(nan), np.float64(nan), np.float64(nan), np.float64(nan), np.float64(nan), np.float64(nan), np.float64(nan), np.float64(nan), np.float64(nan), np.float64(nan), np.float64(nan), np.float64(nan), np.float64(nan), np.float64(nan), np.float64(nan), np.float64(nan), np.float64(nan), np.float64(nan), np.float64(nan), np.float64(nan), np.float64(nan), np.float64(nan), np.float64(nan), np.float64(nan), np.float64(nan), np.float64(nan), np.float64(nan), np.float64(nan), np.float64(nan), np.float64(nan), np.float64(nan), np.float64(nan), np.float64(nan), np.float64(nan), np.float64(nan), np.float64(nan), np.float64(nan), np.float64(nan), np.float64(nan), np.float64(nan), np.float64(nan), np.float64(nan), np.float64(nan), np.float64(nan), np.float64(nan), np.float64(nan), np.float64(nan), np.float64(nan), np.float64(nan), np.float64(nan), np.float64(nan), np.float64(nan), np.float64(nan), np.float64(nan), np.float64(nan), np.float64(nan), np.float64(nan)], params=[np.float64(1.0), np.float64(1.0), np.float64(0.2), np.float64(0.21)], fit_error=[np.float64(0.035), np.float64(0.035)])",[-70.  70.],"[np.float64(0.219), np.float64(0.811)]","[np.float64(0.22), np.float64(0.22), np.float64(0.22), np.float64(0.22), np.float64(0.22), np.float64(0.22), np.float64(0.22), np.float64(0.22), np.float64(0.22), np.float64(0.22), np.float64(0.22), np.float64(0.22), np.float64(0.22), np.float64(0.22), np.float64(0.22), np.float64(0.22), np.float64(0.22), np.float64(0.22), np.float64(0.22), np.float64(0.22), np.float64(0.22), np.float64(0.22), np.float64(0.22), np.float64(0.22), np.float64(0.22), np.float64(0.22), np.float64(0.22), np.float64(0.22), np.float64(0.22), np.float64(0.22), np.float64(0.22), np.float64(0.22), np.float64(0.22), np.float64(0.22), np.float64(0.22), np.float64(0.22), np.float64(0.22), np.float64(0.22), np.float64(0.22), np.float64(0.22), np.float64(0.22), np.float64(0.22), np.float64(0.22), np.float64(0.22), np.float64(0.22), np.float64(0.22), np.float64(0.222), np.float64(0.226), np.float64(0.245), np.float64(0.311), np.float64(0.472), np.float64(0.665), np.float64(0.767), np.float64(0.799), np.float64(0.807), np.float64(0.809), np.float64(0.81), np.float64(0.81), np.float64(0.81), np.float64(0.81), np.float64(0.81), np.float64(0.81), np.float64(0.81), np.float64(0.81), np.float64(0.81), np.float64(0.81), np.float64(0.81), np.float64(0.81), np.float64(0.81), np.float64(0.81), np.float64(0.81), np.float64(0.81), np.float64(0.81), np.float64(0.81), np.float64(0.81), np.float64(0.81), np.float64(0.81), np.float64(0.81), np.float64(0.81), np.float64(0.81), np.float64(0.81), np.float64(0.81), np.float64(0.81), np.float64(0.81), np.float64(0.81), np.float64(0.81), np.float64(0.81), np.float64(0.81), np.float64(0.81), np.float64(0.81), np.float64(0.81), np.float64(0.81), np.float64(0.81), np.float64(0.81), np.float64(0.81), np.float64(0.81), np.float64(0.81), np.float64(0.81), np.float64(0.81), np.float64(0.81)]","[np.float64(0.037), np.float64(0.033)]","[np.float64(1.0), np.float64(1.0), np.float64(0.2), np.float64(0.21)]",1.0,1.0,0.2,0.21,
2022-02-28,0,142,334,Bpod6,569,255,314,297,260,387,187,200,228,153,170,60,110,0.680140597539543,0.7333333333333333,0.6369426751592356,557,247,310,346,193,153,0.6498316498316499,0.5884615384615385,200,101,99,0.3400673400673401,0.38076923076923075,0.6947935368043088,0.757085020242915,0.6451612903225806,0.6947935368043088,-0.11192372992033439,0.6589595375722543,0.765,-0.10604046242774567,0.6191465941465941,0.3604182854182854,12,8,4,0.0210896309314587,0.03137254901960784,0.012738853503184714,387,187,200,967.5,467.5,500.0,3.0,0,0,0,0.0,,"psych_curve(xdata=array([-70.,  70.]), ydata=[np.float64(0.243), np.float64(0.645)], fit=[np.float64(0.24), np.float64(0.24), np.float64(0.24), np.float64(0.24), np.float64(0.24), np.float64(0.24), np.float64(0.24), np.float64(0.24), np.float64(0.24), np.float64(0.24), np.float64(0.24), np.float64(0.24), np.float64(0.24), np.float64(0.24), np.float64(0.24), np.float64(0.24), np.float64(0.24), np.float64(0.24), np.float64(0.24), np.float64(0.24), np.float64(0.24), np.float64(0.24), np.float64(0.24), np.float64(0.24), np.float64(0.24), np.float64(0.24), np.float64(0.24), np.float64(0.24), np.float64(0.24), np.float64(0.24), np.float64(0.24), np.float64(0.24), np.float64(0.24), np.float64(0.24), np.float64(0.24), np.float64(0.24), np.float64(0.24), np.float64(0.24), np.float64(0.24), np.float64(0.24), np.float64(0.24), np.float64(0.24), np.float64(0.24), np.float64(0.24), np.float64(0.24), np.float64(0.24), np.float64(0.241), np.float64(0.244), np.float64(0.257), np.float64(0.301), np.float64(0.411), np.float64(0.542), np.float64(0.611), np.float64(0.632), np.float64(0.638), np.float64(0.64), np.float64(0.64), np.float64(0.64), np.float64(0.64), np.float64(0.64), np.float64(0.64), np.float64(0.64), np.float64(0.64), np.float64(0.64), np.float64(0.64), np.float64(0.64), np.float64(0.64), np.float64(0.64), np.float64(0.64), np.float64(0.64), np.float64(0.64), np.float64(0.64), np.float64(0.64), np.float64(0.64), np.float64(0.64), np.float64(0.64), np.float64(0.64), np.float64(0.64), np.float64(0.64), np.float64(0.64), np.float64(0.64), np.float64(0.64), np.float64(0.64), np.float64(0.64), np.float64(0.64), np.float64(0.64), np.float64(0.64), np.float64(0.64), np.float64(0.64), np.float64(0.64), np.float64(0.64), np.float64(0.64), np.float64(0.64), np.float64(0.64), np.float64(0.64), np.float64(0.64), np.float64(0.64), np.float64(0.64), np.float64(0.64), np.float64(0.64)], params=[np.float64(1.0), np.float64(1.0), np.float64(0.24), np.float64(0.36)], fit_error=[np.float64(0.027), np.float64(0.027)])",[-70.  70.],"[np.float64(0.243), np.float64(0.645)]","[np.float64(0.24), np.float64(0.24), np.float64(0.24), np.float64(0.24), np.float64(0.24), np.float64(0.24), np.float64(0.24), np.float64(0.24), np.float64(0.24), np.float64(0.24), np.float64(0.24), np.float64(0.24), np.float64(0.24), np.float64(0.24), np.float64(0.24), np.float64(0.24), np.float64(0.24), np.float64(0.24), np.float64(0.24), np.float64(0.24), np.float64(0.24), np.float64(0.24), np.float64(0.24), np.float64(0.24), np.float64(0.24), np.float64(0.24), np.float64(0.24), np.float64(0.24), np.float64(0.24), np.float64(0.24), np.float64(0.24), np.float64(0.24), np.float64(0.24), np.float64(0.24), np.float64(0.24), np.float64(0.24), np.float64(0.24), np.float64(0.24), np.float64(0.24), np.float64(0.24), np.float64(0.24), np.float64(0.24), np.float64(0.24), np.float64(0.24), np.float64(0.24), np.float64(0.24), np.float64(0.241), np.float64(0.244), np.float64(0.257), np.float64(0.301), np.float64(0.411), np.float64(0.542), np.float64(0.611), np.float64(0.632), np.float64(0.638), np.float64(0.64), np.float64(0.64), np.float64(0.64), np.float64(0.64), np.float64(0.64), np.float64(0.64), np.float64(0.64), np.float64(0.64), np.float64(0.64), np.float64(0.64), np.float64(0.64), np.float64(0.64), np.float64(0.64), np.float64(0.64), np.float64(0.64), np.float64(0.64), np.float64(0.64), np.float64(0.64), np.float64(0.64), np.float64(0.64), np.float64(0.64), np.float64(0.64), np.float64(0.64), np.float64(0.64), np.float64(0.64), np.float64(0.64), np.float64(0.64), np.float64(0.64), np.float64(0.64), np.float64(0.64), np.float64(0.64), np.float64(0.64), np.float64(0.64), np.float64(0.64), np.float64(0.64), np.float64(0.64), np.float64(0.64), np.float64(0.64), np.float64(0.64), np.float64(0.64), np.float64(0.64), np.float64(0.64), np.float64(0.64), np.float64(0.64), np.float64(0.64)]","[np.float64(0.027), np.float64(0.027)]","[np.float64(1.0), np.float64(1.0), np.float64(0.24), np.float64(0.36)]",1.0,1.0,0.24,0.36,"psych_curve(xdata=array([-70.,  70.]), ydata=[np.float64(0.435), np.float64(0.829)], fit=[np.float64(nan), np.float64(nan), np.float64(nan), np.float64(nan), np.float64(nan), np.float64(nan), np.float64(nan), np.float64(nan), np.float64(nan), np.float64(nan), np.float64(nan), np.float64(nan), np.float64(nan), np.float64(nan), np.float64(nan), np.float64(nan), np.float64(nan), np.float64(nan), np.float64(nan), np.float64(nan), np.float64(nan), np.float64(nan), np.float64(nan), np.float64(nan), np.float64(nan), np.float64(nan), np.float64(nan), np.float64(nan), np.float64(nan), np.float64(nan), np.float64(nan), np.float64(nan), np.float64(nan), np.float64(nan), np.float64(nan), np.float64(nan), np.float64(nan), np.float64(nan), np.float64(nan), np.float64(nan), np.float64(nan), np.float64(nan), np.float64(nan), np.float64(nan), np.float64(nan), np.float64(nan), np.float64(nan), np.float64(nan), np.float64(nan), np.float64(nan), np.float64(nan), np.float64(nan), np.float64(nan), np.float64(nan), np.float64(nan), np.float64(nan), np.float64(nan), np.float64(nan), np.float64(nan), np.float64(nan), np.float64(nan), np.float64(nan), np.float64(nan), np.float64(nan), np.float64(nan), np.float64(nan), np.float64(nan), np.float64(nan), np.float64(nan), np.float64(nan), np.float64(nan), np.float64(nan), np.float64(nan), np.float64(nan), np.float64(nan), np.float64(nan), np.float64(nan), np.float64(nan), np.float64(nan), np.float64(nan), np.float64(nan), np.float64(nan), np.float64(nan), np.float64(nan), np.float64(nan), np.float64(nan), np.float64(nan), np.float64(nan), np.float64(nan), np.float64(nan), np.float64(nan), np.float64(nan), np.float64(nan), np.float64(nan), np.float64(nan), np.float64(nan), np.float64(nan), np.float64(nan), np.float64(nan), np.float64(nan)], params=[np.float64(1.0), np.float64(1.0), np.float64(0.44), np.float64(0.17)], fit_error=[np.float64(0.03), np.float64(0.023)])",[-70.  70.],"[np.float64(0.243), np.float64(0.645)]","[np.float64(0.24), np.float64(0.24), np.float64(0.24), np.float64(0.24), np.float64(0.24), np.float64(0.24), np.float64(0.24), np.float64(0.24), np.float64(0.24), np.float64(0.24), np.float64(0.24), np.float64(0.24), np.float64(0.24), np.float64(0.24), np.float64(0.24), np.float64(0.24), np.float64(0.24), np.float64(0.24), np.float64(0.24), np.float64(0.24), np.float64(0.24), np.float64(0.24), np.float64(0.24), np.float64(0.24), np.float64(0.24), np.float64(0.24), np.float64(0.24), np.float64(0.24), np.float64(0.24), np.float64(0.24), np.float64(0.24), np.float64(0.24), np.float64(0.24), np.float64(0.24), np.float64(0.24), np.float64(0.24), np.float64(0.24), np.float64(0.24), np.float64(0.24), np.float64(0.24), np.float64(0.24), np.float64(0.24), np.float64(0.24), np.float64(0.24), np.float64(0.24), np.float64(0.24), np.float64(0.241), np.float64(0.244), np.float64(0.257), np.float64(0.301), np.float64(0.411), np.float64(0.542), np.float64(0.611), np.float64(0.632), np.float64(0.638), np.float64(0.64), np.float64(0.64), np.float64(0.64), np.float64(0.64), np.float64(0.64), np.float64(0.64), np.float64(0.64), np.float64(0.64), np.float64(0.64), np.float64(0.64), np.float64(0.64), np.float64(0.64), np.float64(0.64), np.float64(0.64), np.float64(0.64), np.float64(0.64), np.float64(0.64), np.float64(0.64), np.float64(0.64), np.float64(0.64), np.float64(0.64), np.float64(0.64), np.float64(0.64), np.float64(0.64), np.float64(0.64), np.float64(0.64), np.float64(0.64), np.float64(0.64), np.float64(0.64), np.float64(0.64), np.float64(0.64), np.float64(0.64), np.float64(0.64), np.float64(0.64), np.float64(0.64), np.float64(0.64), np.float64(0.64), np.float64(0.64), np.float64(0.64), np.float64(0.64), np.float64(0.64), np.float64(0.64), np.float64(0.64), np.float64(0.64), np.float64(0.64)]","[np.float64(0.027), np.float64(0.027)]","[np.float64(1.0), np.float64(1.0), np.float64(0.44), np.float64(0.17)]",1.0,1.0,0.44,0.17,
2022-03-01,1,143,334,Bpod6,601,291,310,311,280,512,259,253,264,245,79,27,52,0.8519134775374376,0.8900343642611683,0.8161290322580645,591,286,305,318,175,143,0.5627009646302251,0.5107142857142857,270,135,135,0.4340836012861736,0.48214285714285715,0.8663282571912013,0.9055944055944056,0.8295081967213115,0.8663282571912013,-0.07608620887309414,0.8301886792452831,0.9074074074074074,-0.07721872816212438,0.5367076251722553,0.45811322921451536,10,5,5,0.016638935108153077,0.01718213058419244,0.016129032258064516,512,259,253,1280.0,647.5,632.5,3.0,0,0,0,0.0,,"psych_curve(xdata=array([-70.,  70.]), ydata=[np.float64(0.094), np.float64(0.83)], fit=[np.float64(0.09), np.float64(0.09), np.float64(0.09), np.float64(0.09), np.float64(0.09), np.float64(0.09), np.float64(0.09), np.float64(0.09), np.float64(0.09), np.float64(0.09), np.float64(0.09), np.float64(0.09), np.float64(0.09), np.float64(0.09), np.float64(0.09), np.float64(0.09), np.float64(0.09), np.float64(0.09), np.float64(0.09), np.float64(0.09), np.float64(0.09), np.float64(0.09), np.float64(0.09), np.float64(0.09), np.float64(0.09), np.float64(0.09), np.float64(0.09), np.float64(0.09), np.float64(0.09), np.float64(0.09), np.float64(0.09), np.float64(0.09), np.float64(0.09), np.float64(0.09), np.float64(0.09), np.float64(0.09), np.float64(0.09), np.float64(0.09), np.float64(0.09), np.float64(0.09), np.float64(0.09), np.float64(0.09), np.float64(0.09), np.float64(0.09), np.float64(0.09), np.float64(0.09), np.float64(0.092), np.float64(0.098), np.float64(0.121), np.float64(0.204), np.float64(0.406), np.float64(0.648), np.float64(0.776), np.float64(0.816), np.float64(0.827), np.float64(0.829), np.float64(0.83), np.float64(0.83), np.float64(0.83), np.float64(0.83), np.float64(0.83), np.float64(0.83), np.float64(0.83), np.float64(0.83), np.float64(0.83), np.float64(0.83), np.float64(0.83), np.float64(0.83), np.float64(0.83), np.float64(0.83), np.float64(0.83), np.float64(0.83), np.float64(0.83), np.float64(0.83), np.float64(0.83), np.float64(0.83), np.float64(0.83), np.float64(0.83), np.float64(0.83), np.float64(0.83), np.float64(0.83), np.float64(0.83), np.float64(0.83), np.float64(0.83), np.float64(0.83), np.float64(0.83), np.float64(0.83), np.float64(0.83), np.float64(0.83), np.float64(0.83), np.float64(0.83), np.float64(0.83), np.float64(0.83), np.float64(0.83), np.float64(0.83), np.float64(0.83), np.float64(0.83), np.float64(0.83), np.float64(0.83), np.float64(0.83)], params=[np.float64(1.0), np.float64(1.0), np.float64(0.09), np.float64(0.17)], fit_error=[np.float64(0.017), np.float64(0.022)])",[-70.  70.],"[np.float64(0.094), np.float64(0.83)]","[np.float64(0.09), np.float64(0.09), np.float64(0.09), np.float64(0.09), np.float64(0.09), np.float64(0.09), np.float64(0.09), np.float64(0.09), np.float64(0.09), np.float64(0.09), np.float64(0.09), np.float64(0.09), np.float64(0.09), np.float64(0.09), np.float64(0.09), np.float64(0.09), np.float64(0.09), np.float64(0.09), np.float64(0.09), np.float64(0.09), np.float64(0.09), np.float64(0.09), np.float64(0.09), np.float64(0.09), np.float64(0.09), np.float64(0.09), np.float64(0.09), np.float64(0.09), np.float64(0.09), np.float64(0.09), np.float64(0.09), np.float64(0.09), np.float64(0.09), np.float64(0.09), np.float64(0.09), np.float64(0.09), np.float64(0.09), np.float64(0.09), np.float64(0.09), np.float64(0.09), np.float64(0.09), np.float64(0.09), np.float64(0.09), np.float64(0.09), np.float64(0.09), np.float64(0.09), np.float64(0.092), np.float64(0.098), np.float64(0.121), np.float64(0.204), np.float64(0.406), np.float64(0.648), np.float64(0.776), np.float64(0.816), np.float64(0.827), np.float64(0.829), np.float64(0.83), np.float64(0.83), np.float64(0.83), np.float64(0.83), np.float64(0.83), np.float64(0.83), np.float64(0.83), np.float64(0.83), np.float64(0.83), np.float64(0.83), np.float64(0.83), np.float64(0.83), np.float64(0.83), np.float64(0.83), np.float64(0.83), np.float64(0.83), np.float64(0.83), np.float64(0.83), np.float64(0.83), np.float64(0.83), np.float64(0.83), np.float64(0.83), np.float64(0.83), np.float64(0.83), np.float64(0.83), np.float64(0.83), np.float64(0.83), np.float64(0.83), np.float64(0.83), np.float64(0.83), np.float64(0.83), np.float64(0.83), np.float64(0.83), np.float64(0.83), np.float64(0.83), np.float64(0.83), np.float64(0.83), np.float64(0.83), np.float64(0.83), np.float64(0.83), np.float64(0.83), np.float64(0.83), np.float64(0.83), np.float64(0.83)]","[np.float64(0.017), np.float64(0.022)]","[np.float64(1.0), np.float64(1.0), np.float64(0.09), np.float64(0.17)]",1.0,1.0,0.09,0.17,"psych_curve(xdata=array([-70.,  70.]), ydata=[np.float64(0.181), np.float64(0.913)], fit=[np.float64(nan), np.float64(nan), np.float64(nan), np.float64(nan), np.float64(nan), np.float64(nan), np.float64(nan), np.float64(nan), np.float64(nan), np.float64(nan), np.float64(nan), np.float64(nan), np.float64(nan), np.float64(nan), np.float64(nan), np.float64(nan), np.float64(nan), np.float64(nan), np.float64(nan), np.float64(nan), np.float64(nan), np.float64(nan), np.float64(nan), np.float64(nan), np.float64(nan), np.float64(nan), np.float64(nan), np.float64(nan), np.float64(nan), np.float64(nan), np.float64(nan), np.float64(nan), np.float64(nan), np.float64(nan), np.float64(nan), np.float64(nan), np.float64(nan), np.float64(nan), np.float64(nan), np.float64(nan), np.float64(nan), np.float64(nan), np.float64(nan), np.float64(nan), np.float64(nan), np.float64(nan), np.float64(nan), np.float64(nan), np.float64(nan), np.float64(nan), np.float64(nan), np.float64(nan), np.float64(nan), np.float64(nan), np.float64(nan), np.float64(nan), np.float64(nan), np.float64(nan), np.float64(nan), np.float64(nan), np.float64(nan), np.float64(nan), np.float64(nan), np.float64(nan), np.float64(nan), np.float64(nan), np.float64(nan), np.float64(nan), np.float64(nan), np.float64(nan), np.float64(nan), np.float64(nan), np.float64(nan), np.float64(nan), np.float64(nan), np.float64(nan), np.float64(nan), np.float64(nan), np.float64(nan), np.float64(nan), np.float64(nan), np.float64(nan), np.float64(nan), np.float64(nan), np.float64(nan), np.float64(nan), np.float64(nan), np.float64(nan), np.float64(nan), np.float64(nan), np.float64(nan), np.float64(nan), np.float64(nan), np.float64(nan), np.float64(nan), np.float64(nan), np.float64(nan), np.float64(nan), np.float64(nan), np.float64(nan)], params=[np.float64(1.0), np.float64(1.0), np.float64(0.18), np.float64(0.09)], fit_error=[np.float64(0.022), np.float64(0.017)])",[-70.  70.],"[np.float64(0.094), np.float64(0.83)]","[np.float64(0.09), np.float64(0.09), np.float64(0.09), np.float64(0.09), np.float64(0.09), np.float64(0.09), np.float64(0.09), np.float64(0.09), np.float64(0.09), np.float64(0.09), np.float64(0.09), np.float64(0.09), np.float64(0.09), np.float64(0.09), np.float64(0.09), np.float64(0.09), np.float64(0.09), np.float64(0.09), np.float64(0.09), np.float64(0.09), np.float64(0.09), np.float64(0.09), np.float64(0.09), np.float64(0.09), np.float64(0.09), np.float64(0.09), np.float64(0.09), np.float64(0.09), np.float64(0.09), np.float64(0.09), np.float64(0.09), np.float64(0.09), np.float64(0.09), np.float64(0.09), np.float64(0.09), np.float64(0.09), np.float64(0.09), np.float64(0.09), np.float64(0.09), np.float64(0.09), np.float64(0.09), np.float64(0.09), np.float64(0.09), np.float64(0.09), np.float64(0.09), np.float64(0.09), np.float64(0.092), np.float64(0.098), np.float64(0.121), np.float64(0.204), np.float64(0.406), np.float64(0.648), np.float64(0.776), np.float64(0.816), np.float64(0.827), np.float64(0.829), np.float64(0.83), np.float64(0.83), np.float64(0.83), np.float64(0.83), np.float64(0.83), np.float64(0.83), np.float64(0.83), np.float64(0.83), np.float64(0.83), np.float64(0.83), np.float64(0.83), np.float64(0.83), np.float64(0.83), np.float64(0.83), np.float64(0.83), np.float64(0.83), np.float64(0.83), np.float64(0.83), np.float64(0.83), np.float64(0.83), np.float64(0.83), np.float64(0.83), np.float64(0.83), np.float64(0.83), np.float64(0.83), np.float64(0.83), np.float64(0.83), np.float64(0.83), np.float64(0.83), np.float64(0.83), np.float64(0.83), np.float64(0.83), np.float64(0.83), np.float64(0.83), np.float64(0.83), np.float64(0.83), np.float64(0.83), np.float64(0.83), np.float64(0.83), np.float64(0.83), np.float64(0.83), np.float64(0.83), np.float64(0.83), np.float64(0.83)]","[np.float64(0.017), np.float64(0.022)]","[np.float64(1.0), np.float64(1.0), np.float64(0.18), np.float64(0.09)]",1.0,1.0,0.18,0.09,
2022-03-02,2,144,334,Bpod6,525,227,298,369,148,295,184,111,185,104,222,37,185,0.5619047619047619,0.8105726872246696,0.3724832214765101,517,221,296,352,286,66,0.7750677506775068,0.44594594594594594,156,79,77,0.2140921409214092,0.5202702702702703,0.5705996131528046,0.832579185520362,0.375,0.5703125,-0.45757918552036203,0.5255681818181818,0.6666666666666666,-0.14109848484848486,0.6105068483117264,0.3671812055958398,8,6,2,0.015238095238095238,0.02643171806167401,0.006711409395973154,295,184,111,737.5,460.0,277.5,3.0,0,0,0,0.010095238095238096,,"psych_curve(xdata=array([-70.,  -2.,   0.,   2.,   8.,  70.]), ydata=[np.float64(0.164), np.float64(1.0), np.float64(0.5), np.float64(0.0), np.float64(1.0), np.float64(0.372)], fit=[np.float64(0.159), np.float64(0.167), np.float64(0.179), np.float64(0.195), np.float64(0.216), np.float64(0.243), np.float64(0.275), np.float64(0.313), np.float64(0.353), np.float64(0.394), np.float64(0.432), np.float64(0.465), np.float64(0.492), np.float64(0.514), np.float64(0.53), np.float64(0.542), np.float64(0.55), np.float64(0.556), np.float64(0.561), np.float64(0.564), np.float64(0.566), np.float64(0.567), np.float64(0.568), np.float64(0.569), np.float64(0.569), np.float64(0.569), np.float64(0.57), np.float64(0.57), np.float64(0.57), np.float64(0.57), np.float64(0.57), np.float64(0.57), np.float64(0.57), np.float64(0.57), np.float64(0.57), np.float64(0.57), np.float64(0.57), np.float64(0.57), np.float64(0.57), np.float64(0.57), np.float64(0.57), np.float64(0.57), np.float64(0.57), np.float64(0.57), np.float64(0.57), np.float64(0.57), np.float64(0.57), np.float64(0.57), np.float64(0.57), np.float64(0.57), np.float64(0.57), np.float64(0.57), np.float64(0.57), np.float64(0.57), np.float64(0.57), np.float64(0.57), np.float64(0.57), np.float64(0.57), np.float64(0.57), np.float64(0.57), np.float64(0.57), np.float64(0.57), np.float64(0.57), np.float64(0.57), np.float64(0.57), np.float64(0.57), np.float64(0.57), np.float64(0.57), np.float64(0.57), np.float64(0.57), np.float64(0.57), np.float64(0.57), np.float64(0.57), np.float64(0.57), np.float64(0.57), np.float64(0.57), np.float64(0.57), np.float64(0.57), np.float64(0.57), np.float64(0.57), np.float64(0.57), np.float64(0.57), np.float64(0.57), np.float64(0.57), np.float64(0.57), np.float64(0.57), np.float64(0.57), np.float64(0.57), np.float64(0.57), np.float64(0.57), np.float64(0.57), np.float64(0.57), np.float64(0.57), np.float64(0.57), np.float64(0.57), np.float64(0.57), np.float64(0.57), np.float64(0.57), np.float64(0.57), np.float64(0.57)], params=[np.float64(0.27), np.float64(-58.63), np.float64(0.14), np.float64(0.43)], fit_error=[np.float64(0.025), np.float64(nan), np.float64(0.5), np.float64(nan), np.float64(nan), np.float64(0.028)])",[-70.  -2.   0.   2.   8.  70.],"[np.float64(0.164), np.float64(1.0), np.float64(0.5), np.float64(0.0), np.float64(1.0), np.float64(0.372)]","[np.float64(0.159), np.float64(0.167), np.float64(0.179), np.float64(0.195), np.float64(0.216), np.float64(0.243), np.float64(0.275), np.float64(0.313), np.float64(0.353), np.float64(0.394), np.float64(0.432), np.float64(0.465), np.float64(0.492), np.float64(0.514), np.float64(0.53), np.float64(0.542), np.float64(0.55), np.float64(0.556), np.float64(0.561), np.float64(0.564), np.float64(0.566), np.float64(0.567), np.float64(0.568), np.float64(0.569), np.float64(0.569), np.float64(0.569), np.float64(0.57), np.float64(0.57), np.float64(0.57), np.float64(0.57), np.float64(0.57), np.float64(0.57), np.float64(0.57), np.float64(0.57), np.float64(0.57), np.float64(0.57), np.float64(0.57), np.float64(0.57), np.float64(0.57), np.float64(0.57), np.float64(0.57), np.float64(0.57), np.float64(0.57), np.float64(0.57), np.float64(0.57), np.float64(0.57), np.float64(0.57), np.float64(0.57), np.float64(0.57), np.float64(0.57), np.float64(0.57), np.float64(0.57), np.float64(0.57), np.float64(0.57), np.float64(0.57), np.float64(0.57), np.float64(0.57), np.float64(0.57), np.float64(0.57), np.float64(0.57), np.float64(0.57), np.float64(0.57), np.float64(0.57), np.float64(0.57), np.float64(0.57), np.float64(0.57), np.float64(0.57), np.float64(0.57), np.float64(0.57), np.float64(0.57), np.float64(0.57), np.float64(0.57), np.float64(0.57), np.float64(0.57), np.float64(0.57), np.float64(0.57), np.float64(0.57), np.float64(0.57), np.float64(0.57), np.float64(0.57), np.float64(0.57), np.float64(0.57), np.float64(0.57), np.float64(0.57), np.float64(0.57), np.float64(0.57), np.float64(0.57), np.float64(0.57), np.float64(0.57), np.float64(0.57), np.float64(0.57), np.float64(0.57), np.float64(0.57), np.float64(0.57), np.float64(0.57), np.float64(0.57), np.float64(0.57), np.float64(0.57), np.float64(0.57), np.float64(0.57)]","[np.float64(0.025), np.float64(nan), np.float64(0.5), np.float64(nan), np.float64(nan), np.float64(0.028)]","[np.float64(0.27), np.float64(-58.63), np.float64(0.14), np.float64(0.43)]",0.27,-58.63,0.14,0.43,"psych_curve(xdata=array([-70.,  -2.,   0.,   2.,   8.,  70.]), ydata=[np.float64(0.615), np.float64(1.0), np.float64(1.0), np.float64(0.0), np.float64(1.0), np.float64(0.781)], fit=[np.float64(nan), np.float64(nan), np.float64(nan), np.float64(nan), np.float64(nan), np.float64(nan), np.float64(nan), np.float64(nan), np.float64(nan), np.float64(nan), np.float64(nan), np.float64(nan), np.float64(nan), np.float64(nan), np.float64(nan), np.float64(nan), np.float64(nan), np.float64(nan), np.float64(nan), np.float64(nan), np.float64(nan), np.float64(nan), np.float64(nan), np.float64(nan), np.float64(nan), np.float64(nan), np.float64(nan), np.float64(nan), np.float64(nan), np.float64(nan), np.float64(nan), np.float64(nan), np.float64(nan), np.float64(nan), np.float64(nan), np.float64(nan), np.float64(nan), np.float64(nan), np.float64(nan), np.float64(nan), np.float64(nan), np.float64(nan), np.float64(nan), np.float64(nan), np.float64(nan), np.float64(nan), np.float64(nan), np.float64(nan), np.float64(nan), np.float64(nan), np.float64(nan), np.float64(nan), np.float64(nan), np.float64(nan), np.float64(nan), np.float64(nan), np.float64(nan), np.float64(nan), np.float64(nan), np.float64(nan), np.float64(nan), np.float64(nan), np.float64(nan), np.float64(nan), np.float64(nan), np.float64(nan), np.float64(nan), np.float64(nan), np.float64(nan), np.float64(nan), np.float64(nan), np.float64(nan), np.float64(nan), np.float64(nan), np.float64(nan), np.float64(nan), np.float64(nan), np.float64(nan), np.float64(nan), np.float64(nan), np.float64(nan), np.float64(nan), np.float64(nan), np.float64(nan), np.float64(nan), np.float64(nan), np.float64(nan), np.float64(nan), np.float64(nan), np.float64(nan), np.float64(nan), np.float64(nan), np.float64(nan), np.float64(nan), np.float64(nan), np.float64(nan), np.float64(nan), np.float64(nan), np.float64(nan), np.float64(nan)], params=[np.float64(18.37), np.float64(1.3), np.float64(0.87), np.float64(0.41)], fit_error=[np.float64(0.03), np.float64(nan), np.float64(0.0), np.float64(nan), np.float64(nan), np.float64(0.027)])",[-70.  -2.   0.   2.   8.  70.],"[np.float64(0.164), np.float64(1.0), np.float64(0.5), np.float64(0.0), np.float64(1.0), np.float64(0.372)]","[np.float64(0.159), np.float64(0.167), np.float64(0.179), np.float64(0.195), np.float64(0.216), np.float64(0.243), np.float64(0.275), np.float64(0.313), np.float64(0.353), np.float64(0.394), np.float64(0.432), np.float64(0.465), np.float64(0.492), np.float64(0.514), np.float64(0.53), np.float64(0.542), np.float64(0.55), np.float64(0.556), np.float64(0.561), np.float64(0.564), np.float64(0.566), np.float64(0.567), np.float64(0.568), np.float64(0.569), np.float64(0.569), np.float64(0.569), np.float64(0.57), np.float64(0.57), np.float64(0.57), np.float64(0.57), np.float64(0.57), np.float64(0.57), np.float64(0.57), np.float64(0.57), np.float64(0.57), np.float64(0.57), np.float64(0.57), np.float64(0.57), np.float64(0.57), np.float64(0.57), np.float64(0.57), np.float64(0.57), np.float64(0.57), np.float64(0.57), np.float64(0.57), np.float64(0.57), np.float64(0.57), np.float64(0.57), np.float64(0.57), np.float64(0.57), np.float64(0.57), np.float64(0.57), np.float64(0.57), np.float64(0.57), np.float64(0.57), np.float64(0.57), np.float64(0.57), np.float64(0.57), np.float64(0.57), np.float64(0.57), np.float64(0.57), np.float64(0.57), np.float64(0.57), np.float64(0.57), np.float64(0.57), np.float64(0.57), np.float64(0.57), np.float64(0.57), np.float64(0.57), np.float64(0.57), np.float64(0.57), np.float64(0.57), np.float64(0.57), np.float64(0.57), np.float64(0.57), np.float64(0.57), np.float64(0.57), np.float64(0.57), np.float64(0.57), np.float64(0.57), np.float64(0.57), np.float64(0.57), np.float64(0.57), np.float64(0.57), np.float64(0.57), np.float64(0.57), np.float64(0.57), np.float64(0.57), np.float64(0.57), np.float64(0.57), np.float64(0.57), np.float64(0.57), np.float64(0.57), np.float64(0.57), np.float64(0.57), np.float64(0.57), np.float64(0.57), np.float64(0.57), np.float64(0.57), np.float64(0.57)]","[np.float64(0.025), np.float64(nan), np.float64(0.5), np.float64(nan), np.float64(nan), np.float64(0.028)]","[np.float64(18.37), np.float64(1.3), np.float64(0.87), np.float64(0.41)]",18.37,1.3,0.87,0.41,
2022-03-03,3,145,334,Bpod6,549,263,286,344,195,295,179,116,196,97,244,79,165,0.5373406193078324,0.6806083650190115,0.40559440559440557,539,258,281,364,254,110,0.7383720930232558,0.5641025641025641,170,85,85,0.24709302325581395,0.4358974358974359,0.5473098330241187,0.6937984496124031,0.4128113879003559,0.5473098330241187,-0.28098706171204724,0.5384615384615384,0.5705882352941176,-0.03212669683257918,0.65123732856291,0.3414952295766249,10,5,5,0.018214936247723135,0.019011406844106463,0.017482517482517484,295,179,116,737.5,447.5,290.0,3.0,0,0,0,0.0,,"psych_curve(xdata=array([-70.,  70.]), ydata=[np.float64(0.306), np.float64(0.413)], fit=[np.float64(0.31), np.float64(0.31), np.float64(0.31), np.float64(0.31), np.float64(0.31), np.float64(0.31), np.float64(0.31), np.float64(0.31), np.float64(0.31), np.float64(0.31), np.float64(0.31), np.float64(0.31), np.float64(0.31), np.float64(0.31), np.float64(0.31), np.float64(0.31), np.float64(0.31), np.float64(0.31), np.float64(0.31), np.float64(0.31), np.float64(0.31), np.float64(0.31), np.float64(0.31), np.float64(0.31), np.float64(0.31), np.float64(0.31), np.float64(0.31), np.float64(0.31), np.float64(0.31), np.float64(0.31), np.float64(0.31), np.float64(0.31), np.float64(0.31), np.float64(0.31), np.float64(0.31), np.float64(0.31), np.float64(0.31), np.float64(0.31), np.float64(0.31), np.float64(0.31), np.float64(0.31), np.float64(0.31), np.float64(0.31), np.float64(0.31), np.float64(0.31), np.float64(0.31), np.float64(0.31), np.float64(0.311), np.float64(0.314), np.float64(0.325), np.float64(0.353), np.float64(0.385), np.float64(0.403), np.float64(0.408), np.float64(0.41), np.float64(0.41), np.float64(0.41), np.float64(0.41), np.float64(0.41), np.float64(0.41), np.float64(0.41), np.float64(0.41), np.float64(0.41), np.float64(0.41), np.float64(0.41), np.float64(0.41), np.float64(0.41), np.float64(0.41), np.float64(0.41), np.float64(0.41), np.float64(0.41), np.float64(0.41), np.float64(0.41), np.float64(0.41), np.float64(0.41), np.float64(0.41), np.float64(0.41), np.float64(0.41), np.float64(0.41), np.float64(0.41), np.float64(0.41), np.float64(0.41), np.float64(0.41), np.float64(0.41), np.float64(0.41), np.float64(0.41), np.float64(0.41), np.float64(0.41), np.float64(0.41), np.float64(0.41), np.float64(0.41), np.float64(0.41), np.float64(0.41), np.float64(0.41), np.float64(0.41), np.float64(0.41), np.float64(0.41), np.float64(0.41), np.float64(0.41), np.float64(0.41)], params=[np.float64(1.0), np.float64(1.0), np.float64(0.31), np.float64(0.59)], fit_error=[np.float64(0.029), np.float64(0.029)])",[-70.  70.],"[np.float64(0.306), np.float64(0.413)]","[np.float64(0.31), np.float64(0.31), np.float64(0.31), np.float64(0.31), np.float64(0.31), np.float64(0.31), np.float64(0.31), np.float64(0.31), np.float64(0.31), np.float64(0.31), np.float64(0.31), np.float64(0.31), np.float64(0.31), np.float64(0.31), np.float64(0.31), np.float64(0.31), np.float64(0.31), np.float64(0.31), np.float64(0.31), np.float64(0.31), np.float64(0.31), np.float64(0.31), np.float64(0.31), np.float64(0.31), np.float64(0.31), np.float64(0.31), np.float64(0.31), np.float64(0.31), np.float64(0.31), np.float64(0.31), np.float64(0.31), np.float64(0.31), np.float64(0.31), np.float64(0.31), np.float64(0.31), np.float64(0.31), np.float64(0.31), np.float64(0.31), np.float64(0.31), np.float64(0.31), np.float64(0.31), np.float64(0.31), np.float64(0.31), np.float64(0.31), np.float64(0.31), np.float64(0.31), np.float64(0.31), np.float64(0.311), np.float64(0.314), np.float64(0.325), np.float64(0.353), np.float64(0.385), np.float64(0.403), np.float64(0.408), np.float64(0.41), np.float64(0.41), np.float64(0.41), np.float64(0.41), np.float64(0.41), np.float64(0.41), np.float64(0.41), np.float64(0.41), np.float64(0.41), np.float64(0.41), np.float64(0.41), np.float64(0.41), np.float64(0.41), np.float64(0.41), np.float64(0.41), np.float64(0.41), np.float64(0.41), np.float64(0.41), np.float64(0.41), np.float64(0.41), np.float64(0.41), np.float64(0.41), np.float64(0.41), np.float64(0.41), np.float64(0.41), np.float64(0.41), np.float64(0.41), np.float64(0.41), np.float64(0.41), np.float64(0.41), np.float64(0.41), np.float64(0.41), np.float64(0.41), np.float64(0.41), np.float64(0.41), np.float64(0.41), np.float64(0.41), np.float64(0.41), np.float64(0.41), np.float64(0.41), np.float64(0.41), np.float64(0.41), np.float64(0.41), np.float64(0.41), np.float64(0.41), np.float64(0.41)]","[np.float64(0.029), np.float64(0.029)]","[np.float64(1.0), np.float64(1.0), np.float64(0.31), np.float64(0.59)]",1.0,1.0,0.31,0.59,"psych_curve(xdata=array([-70.,  70.]), ydata=[np.float64(0.634), np.float64(0.729)], fit=[np.float64(nan), np.float64(nan), np.float64(nan), np.float64(nan), np.float64(nan), np.float64(nan), np.float64(nan), np.float64(nan), np.float64(nan), np.float64(nan), np.float64(nan), np.float64(nan), np.float64(nan), np.float64(nan), np.float64(nan), np.float64(nan), np.float64(nan), np.float64(nan), np.float64(nan), np.float64(nan), np.float64(nan), np.float64(nan), np.float64(nan), np.float64(nan), np.float64(nan), np.float64(nan), np.float64(nan), np.float64(nan), np.float64(nan), np.float64(nan), np.float64(nan), np.float64(nan), np.float64(nan), np.float64(nan), np.float64(nan), np.float64(nan), np.float64(nan), np.float64(nan), np.float64(nan), np.float64(nan), np.float64(nan), np.float64(nan), np.float64(nan), np.float64(nan), np.float64(nan), np.float64(nan), np.float64(nan), np.float64(nan), np.float64(nan), np.float64(nan), np.float64(nan), np.float64(nan), np.float64(nan), np.float64(nan), np.float64(nan), np.float64(nan), np.float64(nan), np.float64(nan), np.float64(nan), np.float64(nan), np.float64(nan), np.float64(nan), np.float64(nan), np.float64(nan), np.float64(nan), np.float64(nan), np.float64(nan), np.float64(nan), np.float64(nan), np.float64(nan), np.float64(nan), np.float64(nan), np.float64(nan), np.float64(nan), np.float64(nan), np.float64(nan), np.float64(nan), np.float64(nan), np.float64(nan), np.float64(nan), np.float64(nan), np.float64(nan), np.float64(nan), np.float64(nan), np.float64(nan), np.float64(nan), np.float64(nan), np.float64(nan), np.float64(nan), np.float64(nan), np.float64(nan), np.float64(nan), np.float64(nan), np.float64(nan), np.float64(nan), np.float64(nan), np.float64(nan), np.float64(nan), np.float64(nan), np.float64(nan)], params=[np.float64(1.0), np.float64(1.0), np.float64(0.63), np.float64(0.27)], fit_error=[np.float64(0.03), np.float64(0.027)])",[-70.  70.],"[np.float64(0.306), np.float64(0.413)]","[np.float64(0.31), np.float64(0.31), np.float64(0.31), np.float64(0.31), np.float64(0.31), np.float64(0.31), np.float64(0.31), np.float64(0.31), np.float64(0.31), np.float64(0.31), np.float64(0.31), np.float64(0.31), np.float64(0.31), np.float64(0.31), np.float64(0.31), np.float64(0.31), np.float64(0.31), np.float64(0.31), np.float64(0.31), np.float64(0.31), np.float64(0.31), np.float64(0.31), np.float64(0.31), np.float64(0.31), np.float64(0.31), np.float64(0.31), np.float64(0.31), np.float64(0.31), np.float64(0.31), np.float64(0.31), np.float64(0.31), np.float64(0.31), np.float64(0.31), np.float64(0.31), np.float64(0.31), np.float64(0.31), np.float64(0.31), np.float64(0.31), np.float64(0.31), np.float64(0.31), np.float64(0.31), np.float64(0.31), np.float64(0.31), np.float64(0.31), np.float64(0.31), np.float64(0.31), np.float64(0.31), np.float64(0.311), np.float64(0.314), np.float64(0.325), np.float64(0.353), np.float64(0.385), np.float64(0.403), np.float64(0.408), np.float64(0.41), np.float64(0.41), np.float64(0.41), np.float64(0.41), np.float64(0.41), np.float64(0.41), np.float64(0.41), np.float64(0.41), np.float64(0.41), np.float64(0.41), np.float64(0.41), np.float64(0.41), np.float64(0.41), np.float64(0.41), np.float64(0.41), np.float64(0.41), np.float64(0.41), np.float64(0.41), np.float64(0.41), np.float64(0.41), np.float64(0.41), np.float64(0.41), np.float64(0.41), np.float64(0.41), np.float64(0.41), np.float64(0.41), np.float64(0.41), np.float64(0.41), np.float64(0.41), np.float64(0.41), np.float64(0.41), np.float64(0.41), np.float64(0.41), np.float64(0.41), np.float64(0.41), np.float64(0.41), np.float64(0.41), np.float64(0.41), np.float64(0.41), np.float64(0.41), np.float64(0.41), np.float64(0.41), np.float64(0.41), np.float64(0.41), np.float64(0.41), np.float64(0.41)]","[np.float64(0.029), np.float64(0.029)]","[np.float64(1.0), np.float64(1.0), np.float64(0.63), np.float64(0.27)]",1.0,1.0,0.63,0.27,
2022-03-04,4,146,334,Bpod6,495,211,284,271,224,281,134,147,190,89,214,77,137,0.5676767676767677,0.6350710900473934,0.5176056338028169,495,211,284,359,203,156,0.7490774907749077,0.6964285714285714,134,67,67,0.24723247232472326,0.29910714285714285,0.5676767676767677,0.6350710900473934,0.5176056338028169,0.5676767676767677,-0.1174654562445765,0.5292479108635098,0.664179104477612,-0.13493119361410222,0.7227530311017396,0.27316980759093307,0,0,0,0.0,0.0,0.0,281,134,147,702.5,335.0,367.5,3.0,0,0,0,0.0,,"psych_curve(xdata=array([-70.,  70.]), ydata=[np.float64(0.365), np.float64(0.518)], fit=[np.float64(0.36), np.float64(0.36), np.float64(0.36), np.float64(0.36), np.float64(0.36), np.float64(0.36), np.float64(0.36), np.float64(0.36), np.float64(0.36), np.float64(0.36), np.float64(0.36), np.float64(0.36), np.float64(0.36), np.float64(0.36), np.float64(0.36), np.float64(0.36), np.float64(0.36), np.float64(0.36), np.float64(0.36), np.float64(0.36), np.float64(0.36), np.float64(0.36), np.float64(0.36), np.float64(0.36), np.float64(0.36), np.float64(0.36), np.float64(0.36), np.float64(0.36), np.float64(0.36), np.float64(0.36), np.float64(0.36), np.float64(0.36), np.float64(0.36), np.float64(0.36), np.float64(0.36), np.float64(0.36), np.float64(0.36), np.float64(0.36), np.float64(0.36), np.float64(0.36), np.float64(0.36), np.float64(0.36), np.float64(0.36), np.float64(0.36), np.float64(0.36), np.float64(0.36), np.float64(0.36), np.float64(0.362), np.float64(0.367), np.float64(0.385), np.float64(0.428), np.float64(0.481), np.float64(0.508), np.float64(0.517), np.float64(0.519), np.float64(0.52), np.float64(0.52), np.float64(0.52), np.float64(0.52), np.float64(0.52), np.float64(0.52), np.float64(0.52), np.float64(0.52), np.float64(0.52), np.float64(0.52), np.float64(0.52), np.float64(0.52), np.float64(0.52), np.float64(0.52), np.float64(0.52), np.float64(0.52), np.float64(0.52), np.float64(0.52), np.float64(0.52), np.float64(0.52), np.float64(0.52), np.float64(0.52), np.float64(0.52), np.float64(0.52), np.float64(0.52), np.float64(0.52), np.float64(0.52), np.float64(0.52), np.float64(0.52), np.float64(0.52), np.float64(0.52), np.float64(0.52), np.float64(0.52), np.float64(0.52), np.float64(0.52), np.float64(0.52), np.float64(0.52), np.float64(0.52), np.float64(0.52), np.float64(0.52), np.float64(0.52), np.float64(0.52), np.float64(0.52), np.float64(0.52), np.float64(0.52)], params=[np.float64(1.0), np.float64(1.0), np.float64(0.36), np.float64(0.48)], fit_error=[np.float64(0.033), np.float64(0.03)])",[-70.  70.],"[np.float64(0.365), np.float64(0.518)]","[np.float64(0.36), np.float64(0.36), np.float64(0.36), np.float64(0.36), np.float64(0.36), np.float64(0.36), np.float64(0.36), np.float64(0.36), np.float64(0.36), np.float64(0.36), np.float64(0.36), np.float64(0.36), np.float64(0.36), np.float64(0.36), np.float64(0.36), np.float64(0.36), np.float64(0.36), np.float64(0.36), np.float64(0.36), np.float64(0.36), np.float64(0.36), np.float64(0.36), np.float64(0.36), np.float64(0.36), np.float64(0.36), np.float64(0.36), np.float64(0.36), np.float64(0.36), np.float64(0.36), np.float64(0.36), np.float64(0.36), np.float64(0.36), np.float64(0.36), np.float64(0.36), np.float64(0.36), np.float64(0.36), np.float64(0.36), np.float64(0.36), np.float64(0.36), np.float64(0.36), np.float64(0.36), np.float64(0.36), np.float64(0.36), np.float64(0.36), np.float64(0.36), np.float64(0.36), np.float64(0.36), np.float64(0.362), np.float64(0.367), np.float64(0.385), np.float64(0.428), np.float64(0.481), np.float64(0.508), np.float64(0.517), np.float64(0.519), np.float64(0.52), np.float64(0.52), np.float64(0.52), np.float64(0.52), np.float64(0.52), np.float64(0.52), np.float64(0.52), np.float64(0.52), np.float64(0.52), np.float64(0.52), np.float64(0.52), np.float64(0.52), np.float64(0.52), np.float64(0.52), np.float64(0.52), np.float64(0.52), np.float64(0.52), np.float64(0.52), np.float64(0.52), np.float64(0.52), np.float64(0.52), np.float64(0.52), np.float64(0.52), np.float64(0.52), np.float64(0.52), np.float64(0.52), np.float64(0.52), np.float64(0.52), np.float64(0.52), np.float64(0.52), np.float64(0.52), np.float64(0.52), np.float64(0.52), np.float64(0.52), np.float64(0.52), np.float64(0.52), np.float64(0.52), np.float64(0.52), np.float64(0.52), np.float64(0.52), np.float64(0.52), np.float64(0.52), np.float64(0.52), np.float64(0.52), np.float64(0.52)]","[np.float64(0.033), np.float64(0.03)]","[np.float64(1.0), np.float64(1.0), np.float64(0.36), np.float64(0.48)]",1.0,1.0,0.36,0.48,"psych_curve(xdata=array([-70.,  70.]), ydata=[np.float64(0.655), np.float64(0.809)], fit=[np.float64(nan), np.float64(nan), np.float64(nan), np.float64(nan), np.float64(nan), np.float64(nan), np.float64(nan), np.float64(nan), np.float64(nan), np.float64(nan), np.float64(nan), np.float64(nan), np.float64(nan), np.float64(nan), np.float64(nan), np.float64(nan), np.float64(nan), np.float64(nan), np.float64(nan), np.float64(nan), np.float64(nan), np.float64(nan), np.float64(nan), np.float64(nan), np.float64(nan), np.float64(nan), np.float64(nan), np.float64(nan), np.float64(nan), np.float64(nan), np.float64(nan), np.float64(nan), np.float64(nan), np.float64(nan), np.float64(nan), np.float64(nan), np.float64(nan), np.float64(nan), np.float64(nan), np.float64(nan), np.float64(nan), np.float64(nan), np.float64(nan), np.float64(nan), np.float64(nan), np.float64(nan), np.float64(nan), np.float64(nan), np.float64(nan), np.float64(nan), np.float64(nan), np.float64(nan), np.float64(nan), np.float64(nan), np.float64(nan), np.float64(nan), np.float64(nan), np.float64(nan), np.float64(nan), np.float64(nan), np.float64(nan), np.float64(nan), np.float64(nan), np.float64(nan), np.float64(nan), np.float64(nan), np.float64(nan), np.float64(nan), np.float64(nan), np.float64(nan), np.float64(nan), np.float64(nan), np.float64(nan), np.float64(nan), np.float64(nan), np.float64(nan), np.float64(nan), np.float64(nan), np.float64(nan), np.float64(nan), np.float64(nan), np.float64(nan), np.float64(nan), np.float64(nan), np.float64(nan), np.float64(nan), np.float64(nan), np.float64(nan), np.float64(nan), np.float64(nan), np.float64(nan), np.float64(nan), np.float64(nan), np.float64(nan), np.float64(nan), np.float64(nan), np.float64(nan), np.float64(nan), np.float64(nan), np.float64(nan)], params=[np.float64(1.0), np.float64(1.0), np.float64(0.66), np.float64(0.19)], fit_error=[np.float64(0.03), np.float64(0.026)])",[-70.  70.],"[np.float64(0.365), np.float64(0.518)]","[np.float64(0.36), np.float64(0.36), np.float64(0.36), np.float64(0.36), np.float64(0.36), np.float64(0.36), np.float64(0.36), np.float64(0.36), np.float64(0.36), np.float64(0.36), np.float64(0.36), np.float64(0.36), np.float64(0.36), np.float64(0.36), np.float64(0.36), np.float64(0.36), np.float64(0.36), np.float64(0.36), np.float64(0.36), np.float64(0.36), np.float64(0.36), np.float64(0.36), np.float64(0.36), np.float64(0.36), np.float64(0.36), np.float64(0.36), np.float64(0.36), np.float64(0.36), np.float64(0.36), np.float64(0.36), np.float64(0.36), np.float64(0.36), np.float64(0.36), np.float64(0.36), np.float64(0.36), np.float64(0.36), np.float64(0.36), np.float64(0.36), np.float64(0.36), np.float64(0.36), np.float64(0.36), np.float64(0.36), np.float64(0.36), np.float64(0.36), np.float64(0.36), np.float64(0.36), np.float64(0.36), np.float64(0.362), np.float64(0.367), np.float64(0.385), np.float64(0.428), np.float64(0.481), np.float64(0.508), np.float64(0.517), np.float64(0.519), np.float64(0.52), np.float64(0.52), np.float64(0.52), np.float64(0.52), np.float64(0.52), np.float64(0.52), np.float64(0.52), np.float64(0.52), np.float64(0.52), np.float64(0.52), np.float64(0.52), np.float64(0.52), np.float64(0.52), np.float64(0.52), np.float64(0.52), np.float64(0.52), np.float64(0.52), np.float64(0.52), np.float64(0.52), np.float64(0.52), np.float64(0.52), np.float64(0.52), np.float64(0.52), np.float64(0.52), np.float64(0.52), np.float64(0.52), np.float64(0.52), np.float64(0.52), np.float64(0.52), np.float64(0.52), np.float64(0.52), np.float64(0.52), np.float64(0.52), np.float64(0.52), np.float64(0.52), np.float64(0.52), np.float64(0.52), np.float64(0.52), np.float64(0.52), np.float64(0.52), np.float64(0.52), np.float64(0.52), np.float64(0.52), np.float64(0.52), np.float64(0.52)]","[np.float64(0.033), np.float64(0.03)]","[np.float64(1.0), np.float64(1.0), np.float64(0.66), np.float64(0.19)]",1.0,1.0,0.66,0.19,
2022-03-07,0,149,334,Bpod6,432,199,233,269,163,240,138,102,194,45,192,61,131,0.5555555555555556,0.6934673366834171,0.43776824034334766,432,199,233,369,238,131,0.8847583643122676,0.803680981595092,62,31,31,0.11524163568773234,0.1901840490797546,0.5555555555555556,0.6934673366834171,0.43776824034334766,0.5555555555555556,-0.25569909634006943,0.5257452574525745,0.7258064516129032,-0.20006119416032875,0.8442196729536798,0.15271284238374347,0,0,0,0.0,0.0,0.0,240,138,102,600.0,345.0,255.0,3.0,0,0,0,0.0,,"psych_curve(xdata=array([-70.,  70.]), ydata=[np.float64(0.307), np.float64(0.438)], fit=[np.float64(0.31), np.float64(0.31), np.float64(0.31), np.float64(0.31), np.float64(0.31), np.float64(0.31), np.float64(0.31), np.float64(0.31), np.float64(0.31), np.float64(0.31), np.float64(0.31), np.float64(0.31), np.float64(0.31), np.float64(0.31), np.float64(0.31), np.float64(0.31), np.float64(0.31), np.float64(0.31), np.float64(0.31), np.float64(0.31), np.float64(0.31), np.float64(0.31), np.float64(0.31), np.float64(0.31), np.float64(0.31), np.float64(0.31), np.float64(0.31), np.float64(0.31), np.float64(0.31), np.float64(0.31), np.float64(0.31), np.float64(0.31), np.float64(0.31), np.float64(0.31), np.float64(0.31), np.float64(0.31), np.float64(0.31), np.float64(0.31), np.float64(0.31), np.float64(0.31), np.float64(0.31), np.float64(0.31), np.float64(0.31), np.float64(0.31), np.float64(0.31), np.float64(0.31), np.float64(0.31), np.float64(0.311), np.float64(0.315), np.float64(0.33), np.float64(0.366), np.float64(0.408), np.float64(0.43), np.float64(0.438), np.float64(0.439), np.float64(0.44), np.float64(0.44), np.float64(0.44), np.float64(0.44), np.float64(0.44), np.float64(0.44), np.float64(0.44), np.float64(0.44), np.float64(0.44), np.float64(0.44), np.float64(0.44), np.float64(0.44), np.float64(0.44), np.float64(0.44), np.float64(0.44), np.float64(0.44), np.float64(0.44), np.float64(0.44), np.float64(0.44), np.float64(0.44), np.float64(0.44), np.float64(0.44), np.float64(0.44), np.float64(0.44), np.float64(0.44), np.float64(0.44), np.float64(0.44), np.float64(0.44), np.float64(0.44), np.float64(0.44), np.float64(0.44), np.float64(0.44), np.float64(0.44), np.float64(0.44), np.float64(0.44), np.float64(0.44), np.float64(0.44), np.float64(0.44), np.float64(0.44), np.float64(0.44), np.float64(0.44), np.float64(0.44), np.float64(0.44), np.float64(0.44), np.float64(0.44)], params=[np.float64(1.0), np.float64(1.0), np.float64(0.31), np.float64(0.56)], fit_error=[np.float64(0.033), np.float64(0.033)])",[-70.  70.],"[np.float64(0.307), np.float64(0.438)]","[np.float64(0.31), np.float64(0.31), np.float64(0.31), np.float64(0.31), np.float64(0.31), np.float64(0.31), np.float64(0.31), np.float64(0.31), np.float64(0.31), np.float64(0.31), np.float64(0.31), np.float64(0.31), np.float64(0.31), np.float64(0.31), np.float64(0.31), np.float64(0.31), np.float64(0.31), np.float64(0.31), np.float64(0.31), np.float64(0.31), np.float64(0.31), np.float64(0.31), np.float64(0.31), np.float64(0.31), np.float64(0.31), np.float64(0.31), np.float64(0.31), np.float64(0.31), np.float64(0.31), np.float64(0.31), np.float64(0.31), np.float64(0.31), np.float64(0.31), np.float64(0.31), np.float64(0.31), np.float64(0.31), np.float64(0.31), np.float64(0.31), np.float64(0.31), np.float64(0.31), np.float64(0.31), np.float64(0.31), np.float64(0.31), np.float64(0.31), np.float64(0.31), np.float64(0.31), np.float64(0.31), np.float64(0.311), np.float64(0.315), np.float64(0.33), np.float64(0.366), np.float64(0.408), np.float64(0.43), np.float64(0.438), np.float64(0.439), np.float64(0.44), np.float64(0.44), np.float64(0.44), np.float64(0.44), np.float64(0.44), np.float64(0.44), np.float64(0.44), np.float64(0.44), np.float64(0.44), np.float64(0.44), np.float64(0.44), np.float64(0.44), np.float64(0.44), np.float64(0.44), np.float64(0.44), np.float64(0.44), np.float64(0.44), np.float64(0.44), np.float64(0.44), np.float64(0.44), np.float64(0.44), np.float64(0.44), np.float64(0.44), np.float64(0.44), np.float64(0.44), np.float64(0.44), np.float64(0.44), np.float64(0.44), np.float64(0.44), np.float64(0.44), np.float64(0.44), np.float64(0.44), np.float64(0.44), np.float64(0.44), np.float64(0.44), np.float64(0.44), np.float64(0.44), np.float64(0.44), np.float64(0.44), np.float64(0.44), np.float64(0.44), np.float64(0.44), np.float64(0.44), np.float64(0.44), np.float64(0.44)]","[np.float64(0.033), np.float64(0.033)]","[np.float64(1.0), np.float64(1.0), np.float64(0.31), np.float64(0.56)]",1.0,1.0,0.31,0.56,"psych_curve(xdata=array([-70.,  70.]), ydata=[np.float64(0.795), np.float64(0.919)], fit=[np.float64(nan), np.float64(nan), np.float64(nan), np.float64(nan), np.float64(nan), np.float64(nan), np.float64(nan), np.float64(nan), np.float64(nan), np.float64(nan), np.float64(nan), np.float64(nan), np.float64(nan), np.float64(nan), np.float64(nan), np.float64(nan), np.float64(nan), np.float64(nan), np.float64(nan), np.float64(nan), np.float64(nan), np.float64(nan), np.float64(nan), np.float64(nan), np.float64(nan), np.float64(nan), np.float64(nan), np.float64(nan), np.float64(nan), np.float64(nan), np.float64(nan), np.float64(nan), np.float64(nan), np.float64(nan), np.float64(nan), np.float64(nan), np.float64(nan), np.float64(nan), np.float64(nan), np.float64(nan), np.float64(nan), np.float64(nan), np.float64(nan), np.float64(nan), np.float64(nan), np.float64(nan), np.float64(nan), np.float64(nan), np.float64(nan), np.float64(nan), np.float64(nan), np.float64(nan), np.float64(nan), np.float64(nan), np.float64(nan), np.float64(nan), np.float64(nan), np.float64(nan), np.float64(nan), np.float64(nan), np.float64(nan), np.float64(nan), np.float64(nan), np.float64(nan), np.float64(nan), np.float64(nan), np.float64(nan), np.float64(nan), np.float64(nan), np.float64(nan), np.float64(nan), np.float64(nan), np.float64(nan), np.float64(nan), np.float64(nan), np.float64(nan), np.float64(nan), np.float64(nan), np.float64(nan), np.float64(nan), np.float64(nan), np.float64(nan), np.float64(nan), np.float64(nan), np.float64(nan), np.float64(nan), np.float64(nan), np.float64(nan), np.float64(nan), np.float64(nan), np.float64(nan), np.float64(nan), np.float64(nan), np.float64(nan), np.float64(nan), np.float64(nan), np.float64(nan), np.float64(nan), np.float64(nan), np.float64(nan)], params=[np.float64(1.0), np.float64(1.0), np.float64(0.79), np.float64(0.08)], fit_error=[np.float64(0.027), np.float64(0.019)])",[-70.  70.],"[np.float64(0.307), np.float64(0.438)]","[np.float64(0.31), np.float64(0.31), np.float64(0.31), np.float64(0.31), np.float64(0.31), np.float64(0.31), np.float64(0.31), np.float64(0.31), np.float64(0.31), np.float64(0.31), np.float64(0.31), np.float64(0.31), np.float64(0.31), np.float64(0.31), np.float64(0.31), np.float64(0.31), np.float64(0.31), np.float64(0.31), np.float64(0.31), np.float64(0.31), np.float64(0.31), np.float64(0.31), np.float64(0.31), np.float64(0.31), np.float64(0.31), np.float64(0.31), np.float64(0.31), np.float64(0.31), np.float64(0.31), np.float64(0.31), np.float64(0.31), np.float64(0.31), np.float64(0.31), np.float64(0.31), np.float64(0.31), np.float64(0.31), np.float64(0.31), np.float64(0.31), np.float64(0.31), np.float64(0.31), np.float64(0.31), np.float64(0.31), np.float64(0.31), np.float64(0.31), np.float64(0.31), np.float64(0.31), np.float64(0.31), np.float64(0.311), np.float64(0.315), np.float64(0.33), np.float64(0.366), np.float64(0.408), np.float64(0.43), np.float64(0.438), np.float64(0.439), np.float64(0.44), np.float64(0.44), np.float64(0.44), np.float64(0.44), np.float64(0.44), np.float64(0.44), np.float64(0.44), np.float64(0.44), np.float64(0.44), np.float64(0.44), np.float64(0.44), np.float64(0.44), np.float64(0.44), np.float64(0.44), np.float64(0.44), np.float64(0.44), np.float64(0.44), np.float64(0.44), np.float64(0.44), np.float64(0.44), np.float64(0.44), np.float64(0.44), np.float64(0.44), np.float64(0.44), np.float64(0.44), np.float64(0.44), np.float64(0.44), np.float64(0.44), np.float64(0.44), np.float64(0.44), np.float64(0.44), np.float64(0.44), np.float64(0.44), np.float64(0.44), np.float64(0.44), np.float64(0.44), np.float64(0.44), np.float64(0.44), np.float64(0.44), np.float64(0.44), np.float64(0.44), np.float64(0.44), np.float64(0.44), np.float64(0.44), np.float64(0.44)]","[np.float64(0.033), np.float64(0.033)]","[np.float64(1.0), np.float64(1.0), np.float64(0.79), np.float64(0.08)]",1.0,1.0,0.79,0.08,
2022-03-08,1,150,334,Bpod6,519,217,302,368,149,288,178,110,231,54,229,39,190,0.5549132947976878,0.8202764976958525,0.36423841059602646,517,217,300,445,332,113,0.9021739130434783,0.7583892617449665,69,36,33,0.09782608695652174,0.2214765100671141,0.5570599613152805,0.8202764976958525,0.36666666666666664,0.5570599613152805,-0.4536098310291859,0.5191011235955056,0.782608695652174,-0.2635075720566683,0.8302815873942224,0.15965129851181792,2,0,2,0.0038535645472061657,0.0,0.006622516556291391,288,178,110,720.0,445.0,275.0,3.0,0,0,0,0.0,,"psych_curve(xdata=array([-70.,  70.]), ydata=[np.float64(0.18), np.float64(0.367)], fit=[np.float64(0.18), np.float64(0.18), np.float64(0.18), np.float64(0.18), np.float64(0.18), np.float64(0.18), np.float64(0.18), np.float64(0.18), np.float64(0.18), np.float64(0.18), np.float64(0.18), np.float64(0.18), np.float64(0.18), np.float64(0.18), np.float64(0.18), np.float64(0.18), np.float64(0.18), np.float64(0.18), np.float64(0.18), np.float64(0.18), np.float64(0.18), np.float64(0.18), np.float64(0.18), np.float64(0.18), np.float64(0.18), np.float64(0.18), np.float64(0.18), np.float64(0.18), np.float64(0.18), np.float64(0.18), np.float64(0.18), np.float64(0.18), np.float64(0.18), np.float64(0.18), np.float64(0.18), np.float64(0.18), np.float64(0.18), np.float64(0.18), np.float64(0.18), np.float64(0.18), np.float64(0.18), np.float64(0.18), np.float64(0.18), np.float64(0.18), np.float64(0.18), np.float64(0.18), np.float64(0.18), np.float64(0.182), np.float64(0.188), np.float64(0.209), np.float64(0.261), np.float64(0.323), np.float64(0.356), np.float64(0.366), np.float64(0.369), np.float64(0.37), np.float64(0.37), np.float64(0.37), np.float64(0.37), np.float64(0.37), np.float64(0.37), np.float64(0.37), np.float64(0.37), np.float64(0.37), np.float64(0.37), np.float64(0.37), np.float64(0.37), np.float64(0.37), np.float64(0.37), np.float64(0.37), np.float64(0.37), np.float64(0.37), np.float64(0.37), np.float64(0.37), np.float64(0.37), np.float64(0.37), np.float64(0.37), np.float64(0.37), np.float64(0.37), np.float64(0.37), np.float64(0.37), np.float64(0.37), np.float64(0.37), np.float64(0.37), np.float64(0.37), np.float64(0.37), np.float64(0.37), np.float64(0.37), np.float64(0.37), np.float64(0.37), np.float64(0.37), np.float64(0.37), np.float64(0.37), np.float64(0.37), np.float64(0.37), np.float64(0.37), np.float64(0.37), np.float64(0.37), np.float64(0.37), np.float64(0.37)], params=[np.float64(1.0), np.float64(1.0), np.float64(0.18), np.float64(0.63)], fit_error=[np.float64(0.026), np.float64(0.028)])",[-70.  70.],"[np.float64(0.18), np.float64(0.367)]","[np.float64(0.18), np.float64(0.18), np.float64(0.18), np.float64(0.18), np.float64(0.18), np.float64(0.18), np.float64(0.18), np.float64(0.18), np.float64(0.18), np.float64(0.18), np.float64(0.18), np.float64(0.18), np.float64(0.18), np.float64(0.18), np.float64(0.18), np.float64(0.18), np.float64(0.18), np.float64(0.18), np.float64(0.18), np.float64(0.18), np.float64(0.18), np.float64(0.18), np.float64(0.18), np.float64(0.18), np.float64(0.18), np.float64(0.18), np.float64(0.18), np.float64(0.18), np.float64(0.18), np.float64(0.18), np.float64(0.18), np.float64(0.18), np.float64(0.18), np.float64(0.18), np.float64(0.18), np.float64(0.18), np.float64(0.18), np.float64(0.18), np.float64(0.18), np.float64(0.18), np.float64(0.18), np.float64(0.18), np.float64(0.18), np.float64(0.18), np.float64(0.18), np.float64(0.18), np.float64(0.18), np.float64(0.182), np.float64(0.188), np.float64(0.209), np.float64(0.261), np.float64(0.323), np.float64(0.356), np.float64(0.366), np.float64(0.369), np.float64(0.37), np.float64(0.37), np.float64(0.37), np.float64(0.37), np.float64(0.37), np.float64(0.37), np.float64(0.37), np.float64(0.37), np.float64(0.37), np.float64(0.37), np.float64(0.37), np.float64(0.37), np.float64(0.37), np.float64(0.37), np.float64(0.37), np.float64(0.37), np.float64(0.37), np.float64(0.37), np.float64(0.37), np.float64(0.37), np.float64(0.37), np.float64(0.37), np.float64(0.37), np.float64(0.37), np.float64(0.37), np.float64(0.37), np.float64(0.37), np.float64(0.37), np.float64(0.37), np.float64(0.37), np.float64(0.37), np.float64(0.37), np.float64(0.37), np.float64(0.37), np.float64(0.37), np.float64(0.37), np.float64(0.37), np.float64(0.37), np.float64(0.37), np.float64(0.37), np.float64(0.37), np.float64(0.37), np.float64(0.37), np.float64(0.37), np.float64(0.37)]","[np.float64(0.026), np.float64(0.028)]","[np.float64(1.0), np.float64(1.0), np.float64(0.18), np.float64(0.63)]",1.0,1.0,0.18,0.63,"psych_curve(xdata=array([-70.,  70.]), ydata=[np.float64(0.799), np.float64(0.939)], fit=[np.float64(nan), np.float64(nan), np.float64(nan), np.float64(nan), np.float64(nan), np.float64(nan), np.float64(nan), np.float64(nan), np.float64(nan), np.float64(nan), np.float64(nan), np.float64(nan), np.float64(nan), np.float64(nan), np.float64(nan), np.float64(nan), np.float64(nan), np.float64(nan), np.float64(nan), np.float64(nan), np.float64(nan), np.float64(nan), np.float64(nan), np.float64(nan), np.float64(nan), np.float64(nan), np.float64(nan), np.float64(nan), np.float64(nan), np.float64(nan), np.float64(nan), np.float64(nan), np.float64(nan), np.float64(nan), np.float64(nan), np.float64(nan), np.float64(nan), np.float64(nan), np.float64(nan), np.float64(nan), np.float64(nan), np.float64(nan), np.float64(nan), np.float64(nan), np.float64(nan), np.float64(nan), np.float64(nan), np.float64(nan), np.float64(nan), np.float64(nan), np.float64(nan), np.float64(nan), np.float64(nan), np.float64(nan), np.float64(nan), np.float64(nan), np.float64(nan), np.float64(nan), np.float64(nan), np.float64(nan), np.float64(nan), np.float64(nan), np.float64(nan), np.float64(nan), np.float64(nan), np.float64(nan), np.float64(nan), np.float64(nan), np.float64(nan), np.float64(nan), np.float64(nan), np.float64(nan), np.float64(nan), np.float64(nan), np.float64(nan), np.float64(nan), np.float64(nan), np.float64(nan), np.float64(nan), np.float64(nan), np.float64(nan), np.float64(nan), np.float64(nan), np.float64(nan), np.float64(nan), np.float64(nan), np.float64(nan), np.float64(nan), np.float64(nan), np.float64(nan), np.float64(nan), np.float64(nan), np.float64(nan), np.float64(nan), np.float64(nan), np.float64(nan), np.float64(nan), np.float64(nan), np.float64(nan), np.float64(nan)], params=[np.float64(1.0), np.float64(1.0), np.float64(0.8), np.float64(0.06)], fit_error=[np.float64(0.025), np.float64(0.015)])",[-70.  70.],"[np.float64(0.18), np.float64(0.367)]","[np.float64(0.18), np.float64(0.18), np.float64(0.18), np.float64(0.18), np.float64(0.18), np.float64(0.18), np.float64(0.18), np.float64(0.18), np.float64(0.18), np.float64(0.18), np.float64(0.18), np.float64(0.18), np.float64(0.18), np.float64(0.18), np.float64(0.18), np.float64(0.18), np.float64(0.18), np.float64(0.18), np.float64(0.18), np.float64(0.18), np.float64(0.18), np.float64(0.18), np.float64(0.18), np.float64(0.18), np.float64(0.18), np.float64(0.18), np.float64(0.18), np.float64(0.18), np.float64(0.18), np.float64(0.18), np.float64(0.18), np.float64(0.18), np.float64(0.18), np.float64(0.18), np.float64(0.18), np.float64(0.18), np.float64(0.18), np.float64(0.18), np.float64(0.18), np.float64(0.18), np.float64(0.18), np.float64(0.18), np.float64(0.18), np.float64(0.18), np.float64(0.18), np.float64(0.18), np.float64(0.18), np.float64(0.182), np.float64(0.188), np.float64(0.209), np.float64(0.261), np.float64(0.323), np.float64(0.356), np.float64(0.366), np.float64(0.369), np.float64(0.37), np.float64(0.37), np.float64(0.37), np.float64(0.37), np.float64(0.37), np.float64(0.37), np.float64(0.37), np.float64(0.37), np.float64(0.37), np.float64(0.37), np.float64(0.37), np.float64(0.37), np.float64(0.37), np.float64(0.37), np.float64(0.37), np.float64(0.37), np.float64(0.37), np.float64(0.37), np.float64(0.37), np.float64(0.37), np.float64(0.37), np.float64(0.37), np.float64(0.37), np.float64(0.37), np.float64(0.37), np.float64(0.37), np.float64(0.37), np.float64(0.37), np.float64(0.37), np.float64(0.37), np.float64(0.37), np.float64(0.37), np.float64(0.37), np.float64(0.37), np.float64(0.37), np.float64(0.37), np.float64(0.37), np.float64(0.37), np.float64(0.37), np.float64(0.37), np.float64(0.37), np.float64(0.37), np.float64(0.37), np.float64(0.37), np.float64(0.37)]","[np.float64(0.026), np.float64(0.028)]","[np.float64(1.0), np.float64(1.0), np.float64(0.8), np.float64(0.06)]",1.0,1.0,0.8,0.06,
2022-03-09,2,151,334,Bpod6,451,208,243,281,165,255,148,107,188,64,191,58,133,0.565410199556541,0.7115384615384616,0.4403292181069959,446,206,240,360,237,123,0.8434163701067615,0.7454545454545455,81,40,41,0.1423487544483986,0.24848484848484848,0.5717488789237668,0.7184466019417476,0.44583333333333336,0.5717488789237668,-0.2726132686084142,0.5222222222222223,0.7901234567901234,-0.26790123456790116,0.7944354577806535,0.19541680146662355,5,2,3,0.011086474501108648,0.009615384615384616,0.012345679012345678,255,148,107,637.5,370.0,267.5,3.0,0,0,0,0.0,,"psych_curve(xdata=array([-70.,  70.]), ydata=[np.float64(0.282), np.float64(0.446)], fit=[np.float64(0.28), np.float64(0.28), np.float64(0.28), np.float64(0.28), np.float64(0.28), np.float64(0.28), np.float64(0.28), np.float64(0.28), np.float64(0.28), np.float64(0.28), np.float64(0.28), np.float64(0.28), np.float64(0.28), np.float64(0.28), np.float64(0.28), np.float64(0.28), np.float64(0.28), np.float64(0.28), np.float64(0.28), np.float64(0.28), np.float64(0.28), np.float64(0.28), np.float64(0.28), np.float64(0.28), np.float64(0.28), np.float64(0.28), np.float64(0.28), np.float64(0.28), np.float64(0.28), np.float64(0.28), np.float64(0.28), np.float64(0.28), np.float64(0.28), np.float64(0.28), np.float64(0.28), np.float64(0.28), np.float64(0.28), np.float64(0.28), np.float64(0.28), np.float64(0.28), np.float64(0.28), np.float64(0.28), np.float64(0.28), np.float64(0.28), np.float64(0.28), np.float64(0.28), np.float64(0.28), np.float64(0.282), np.float64(0.287), np.float64(0.306), np.float64(0.353), np.float64(0.408), np.float64(0.438), np.float64(0.447), np.float64(0.449), np.float64(0.45), np.float64(0.45), np.float64(0.45), np.float64(0.45), np.float64(0.45), np.float64(0.45), np.float64(0.45), np.float64(0.45), np.float64(0.45), np.float64(0.45), np.float64(0.45), np.float64(0.45), np.float64(0.45), np.float64(0.45), np.float64(0.45), np.float64(0.45), np.float64(0.45), np.float64(0.45), np.float64(0.45), np.float64(0.45), np.float64(0.45), np.float64(0.45), np.float64(0.45), np.float64(0.45), np.float64(0.45), np.float64(0.45), np.float64(0.45), np.float64(0.45), np.float64(0.45), np.float64(0.45), np.float64(0.45), np.float64(0.45), np.float64(0.45), np.float64(0.45), np.float64(0.45), np.float64(0.45), np.float64(0.45), np.float64(0.45), np.float64(0.45), np.float64(0.45), np.float64(0.45), np.float64(0.45), np.float64(0.45), np.float64(0.45), np.float64(0.45)], params=[np.float64(1.0), np.float64(1.0), np.float64(0.28), np.float64(0.55)], fit_error=[np.float64(0.031), np.float64(0.032)])",[-70.  70.],"[np.float64(0.282), np.float64(0.446)]","[np.float64(0.28), np.float64(0.28), np.float64(0.28), np.float64(0.28), np.float64(0.28), np.float64(0.28), np.float64(0.28), np.float64(0.28), np.float64(0.28), np.float64(0.28), np.float64(0.28), np.float64(0.28), np.float64(0.28), np.float64(0.28), np.float64(0.28), np.float64(0.28), np.float64(0.28), np.float64(0.28), np.float64(0.28), np.float64(0.28), np.float64(0.28), np.float64(0.28), np.float64(0.28), np.float64(0.28), np.float64(0.28), np.float64(0.28), np.float64(0.28), np.float64(0.28), np.float64(0.28), np.float64(0.28), np.float64(0.28), np.float64(0.28), np.float64(0.28), np.float64(0.28), np.float64(0.28), np.float64(0.28), np.float64(0.28), np.float64(0.28), np.float64(0.28), np.float64(0.28), np.float64(0.28), np.float64(0.28), np.float64(0.28), np.float64(0.28), np.float64(0.28), np.float64(0.28), np.float64(0.28), np.float64(0.282), np.float64(0.287), np.float64(0.306), np.float64(0.353), np.float64(0.408), np.float64(0.438), np.float64(0.447), np.float64(0.449), np.float64(0.45), np.float64(0.45), np.float64(0.45), np.float64(0.45), np.float64(0.45), np.float64(0.45), np.float64(0.45), np.float64(0.45), np.float64(0.45), np.float64(0.45), np.float64(0.45), np.float64(0.45), np.float64(0.45), np.float64(0.45), np.float64(0.45), np.float64(0.45), np.float64(0.45), np.float64(0.45), np.float64(0.45), np.float64(0.45), np.float64(0.45), np.float64(0.45), np.float64(0.45), np.float64(0.45), np.float64(0.45), np.float64(0.45), np.float64(0.45), np.float64(0.45), np.float64(0.45), np.float64(0.45), np.float64(0.45), np.float64(0.45), np.float64(0.45), np.float64(0.45), np.float64(0.45), np.float64(0.45), np.float64(0.45), np.float64(0.45), np.float64(0.45), np.float64(0.45), np.float64(0.45), np.float64(0.45), np.float64(0.45), np.float64(0.45), np.float64(0.45)]","[np.float64(0.031), np.float64(0.032)]","[np.float64(1.0), np.float64(1.0), np.float64(0.28), np.float64(0.55)]",1.0,1.0,0.28,0.55,"psych_curve(xdata=array([-70.,  70.]), ydata=[np.float64(0.729), np.float64(0.917)], fit=[np.float64(nan), np.float64(nan), np.float64(nan), np.float64(nan), np.float64(nan), np.float64(nan), np.float64(nan), np.float64(nan), np.float64(nan), np.float64(nan), np.float64(nan), np.float64(nan), np.float64(nan), np.float64(nan), np.float64(nan), np.float64(nan), np.float64(nan), np.float64(nan), np.float64(nan), np.float64(nan), np.float64(nan), np.float64(nan), np.float64(nan), np.float64(nan), np.float64(nan), np.float64(nan), np.float64(nan), np.float64(nan), np.float64(nan), np.float64(nan), np.float64(nan), np.float64(nan), np.float64(nan), np.float64(nan), np.float64(nan), np.float64(nan), np.float64(nan), np.float64(nan), np.float64(nan), np.float64(nan), np.float64(nan), np.float64(nan), np.float64(nan), np.float64(nan), np.float64(nan), np.float64(nan), np.float64(nan), np.float64(nan), np.float64(nan), np.float64(nan), np.float64(nan), np.float64(nan), np.float64(nan), np.float64(nan), np.float64(nan), np.float64(nan), np.float64(nan), np.float64(nan), np.float64(nan), np.float64(nan), np.float64(nan), np.float64(nan), np.float64(nan), np.float64(nan), np.float64(nan), np.float64(nan), np.float64(nan), np.float64(nan), np.float64(nan), np.float64(nan), np.float64(nan), np.float64(nan), np.float64(nan), np.float64(nan), np.float64(nan), np.float64(nan), np.float64(nan), np.float64(nan), np.float64(nan), np.float64(nan), np.float64(nan), np.float64(nan), np.float64(nan), np.float64(nan), np.float64(nan), np.float64(nan), np.float64(nan), np.float64(nan), np.float64(nan), np.float64(nan), np.float64(nan), np.float64(nan), np.float64(nan), np.float64(nan), np.float64(nan), np.float64(nan), np.float64(nan), np.float64(nan), np.float64(nan), np.float64(nan)], params=[np.float64(1.0), np.float64(1.0), np.float64(0.73), np.float64(0.08)], fit_error=[np.float64(0.029), np.float64(0.019)])",[-70.  70.],"[np.float64(0.282), np.float64(0.446)]","[np.float64(0.28), np.float64(0.28), np.float64(0.28), np.float64(0.28), np.float64(0.28), np.float64(0.28), np.float64(0.28), np.float64(0.28), np.float64(0.28), np.float64(0.28), np.float64(0.28), np.float64(0.28), np.float64(0.28), np.float64(0.28), np.float64(0.28), np.float64(0.28), np.float64(0.28), np.float64(0.28), np.float64(0.28), np.float64(0.28), np.float64(0.28), np.float64(0.28), np.float64(0.28), np.float64(0.28), np.float64(0.28), np.float64(0.28), np.float64(0.28), np.float64(0.28), np.float64(0.28), np.float64(0.28), np.float64(0.28), np.float64(0.28), np.float64(0.28), np.float64(0.28), np.float64(0.28), np.float64(0.28), np.float64(0.28), np.float64(0.28), np.float64(0.28), np.float64(0.28), np.float64(0.28), np.float64(0.28), np.float64(0.28), np.float64(0.28), np.float64(0.28), np.float64(0.28), np.float64(0.28), np.float64(0.282), np.float64(0.287), np.float64(0.306), np.float64(0.353), np.float64(0.408), np.float64(0.438), np.float64(0.447), np.float64(0.449), np.float64(0.45), np.float64(0.45), np.float64(0.45), np.float64(0.45), np.float64(0.45), np.float64(0.45), np.float64(0.45), np.float64(0.45), np.float64(0.45), np.float64(0.45), np.float64(0.45), np.float64(0.45), np.float64(0.45), np.float64(0.45), np.float64(0.45), np.float64(0.45), np.float64(0.45), np.float64(0.45), np.float64(0.45), np.float64(0.45), np.float64(0.45), np.float64(0.45), np.float64(0.45), np.float64(0.45), np.float64(0.45), np.float64(0.45), np.float64(0.45), np.float64(0.45), np.float64(0.45), np.float64(0.45), np.float64(0.45), np.float64(0.45), np.float64(0.45), np.float64(0.45), np.float64(0.45), np.float64(0.45), np.float64(0.45), np.float64(0.45), np.float64(0.45), np.float64(0.45), np.float64(0.45), np.float64(0.45), np.float64(0.45), np.float64(0.45), np.float64(0.45)]","[np.float64(0.031), np.float64(0.032)]","[np.float64(1.0), np.float64(1.0), np.float64(0.73), np.float64(0.08)]",1.0,1.0,0.73,0.08,
2022-03-10,3,152,334,Bpod6,672,293,379,410,252,375,205,170,303,70,287,82,205,0.5580357142857143,0.6996587030716723,0.44854881266490765,662,287,375,565,360,205,0.8780487804878049,0.8134920634920635,94,47,47,0.11463414634146342,0.1865079365079365,0.5664652567975831,0.7142857142857143,0.4533333333333333,0.5664652567975831,-0.260952380952381,0.536283185840708,0.7446808510638298,-0.20839766522312175,0.8457704219899342,0.15057104142469996,10,6,4,0.01488095238095238,0.020477815699658702,0.010554089709762533,375,205,170,937.5,512.5,425.0,3.0,0,0,0,0.0,,"psych_curve(xdata=array([-70.,  70.]), ydata=[np.float64(0.286), np.float64(0.453)], fit=[np.float64(0.29), np.float64(0.29), np.float64(0.29), np.float64(0.29), np.float64(0.29), np.float64(0.29), np.float64(0.29), np.float64(0.29), np.float64(0.29), np.float64(0.29), np.float64(0.29), np.float64(0.29), np.float64(0.29), np.float64(0.29), np.float64(0.29), np.float64(0.29), np.float64(0.29), np.float64(0.29), np.float64(0.29), np.float64(0.29), np.float64(0.29), np.float64(0.29), np.float64(0.29), np.float64(0.29), np.float64(0.29), np.float64(0.29), np.float64(0.29), np.float64(0.29), np.float64(0.29), np.float64(0.29), np.float64(0.29), np.float64(0.29), np.float64(0.29), np.float64(0.29), np.float64(0.29), np.float64(0.29), np.float64(0.29), np.float64(0.29), np.float64(0.29), np.float64(0.29), np.float64(0.29), np.float64(0.29), np.float64(0.29), np.float64(0.29), np.float64(0.29), np.float64(0.29), np.float64(0.29), np.float64(0.292), np.float64(0.297), np.float64(0.315), np.float64(0.358), np.float64(0.411), np.float64(0.438), np.float64(0.447), np.float64(0.449), np.float64(0.45), np.float64(0.45), np.float64(0.45), np.float64(0.45), np.float64(0.45), np.float64(0.45), np.float64(0.45), np.float64(0.45), np.float64(0.45), np.float64(0.45), np.float64(0.45), np.float64(0.45), np.float64(0.45), np.float64(0.45), np.float64(0.45), np.float64(0.45), np.float64(0.45), np.float64(0.45), np.float64(0.45), np.float64(0.45), np.float64(0.45), np.float64(0.45), np.float64(0.45), np.float64(0.45), np.float64(0.45), np.float64(0.45), np.float64(0.45), np.float64(0.45), np.float64(0.45), np.float64(0.45), np.float64(0.45), np.float64(0.45), np.float64(0.45), np.float64(0.45), np.float64(0.45), np.float64(0.45), np.float64(0.45), np.float64(0.45), np.float64(0.45), np.float64(0.45), np.float64(0.45), np.float64(0.45), np.float64(0.45), np.float64(0.45), np.float64(0.45)], params=[np.float64(1.0), np.float64(1.0), np.float64(0.29), np.float64(0.55)], fit_error=[np.float64(0.027), np.float64(0.026)])",[-70.  70.],"[np.float64(0.286), np.float64(0.453)]","[np.float64(0.29), np.float64(0.29), np.float64(0.29), np.float64(0.29), np.float64(0.29), np.float64(0.29), np.float64(0.29), np.float64(0.29), np.float64(0.29), np.float64(0.29), np.float64(0.29), np.float64(0.29), np.float64(0.29), np.float64(0.29), np.float64(0.29), np.float64(0.29), np.float64(0.29), np.float64(0.29), np.float64(0.29), np.float64(0.29), np.float64(0.29), np.float64(0.29), np.float64(0.29), np.float64(0.29), np.float64(0.29), np.float64(0.29), np.float64(0.29), np.float64(0.29), np.float64(0.29), np.float64(0.29), np.float64(0.29), np.float64(0.29), np.float64(0.29), np.float64(0.29), np.float64(0.29), np.float64(0.29), np.float64(0.29), np.float64(0.29), np.float64(0.29), np.float64(0.29), np.float64(0.29), np.float64(0.29), np.float64(0.29), np.float64(0.29), np.float64(0.29), np.float64(0.29), np.float64(0.29), np.float64(0.292), np.float64(0.297), np.float64(0.315), np.float64(0.358), np.float64(0.411), np.float64(0.438), np.float64(0.447), np.float64(0.449), np.float64(0.45), np.float64(0.45), np.float64(0.45), np.float64(0.45), np.float64(0.45), np.float64(0.45), np.float64(0.45), np.float64(0.45), np.float64(0.45), np.float64(0.45), np.float64(0.45), np.float64(0.45), np.float64(0.45), np.float64(0.45), np.float64(0.45), np.float64(0.45), np.float64(0.45), np.float64(0.45), np.float64(0.45), np.float64(0.45), np.float64(0.45), np.float64(0.45), np.float64(0.45), np.float64(0.45), np.float64(0.45), np.float64(0.45), np.float64(0.45), np.float64(0.45), np.float64(0.45), np.float64(0.45), np.float64(0.45), np.float64(0.45), np.float64(0.45), np.float64(0.45), np.float64(0.45), np.float64(0.45), np.float64(0.45), np.float64(0.45), np.float64(0.45), np.float64(0.45), np.float64(0.45), np.float64(0.45), np.float64(0.45), np.float64(0.45), np.float64(0.45)]","[np.float64(0.027), np.float64(0.026)]","[np.float64(1.0), np.float64(1.0), np.float64(0.29), np.float64(0.55)]",1.0,1.0,0.29,0.55,"psych_curve(xdata=array([-70.,  70.]), ydata=[np.float64(0.789), np.float64(0.927)], fit=[np.float64(nan), np.float64(nan), np.float64(nan), np.float64(nan), np.float64(nan), np.float64(nan), np.float64(nan), np.float64(nan), np.float64(nan), np.float64(nan), np.float64(nan), np.float64(nan), np.float64(nan), np.float64(nan), np.float64(nan), np.float64(nan), np.float64(nan), np.float64(nan), np.float64(nan), np.float64(nan), np.float64(nan), np.float64(nan), np.float64(nan), np.float64(nan), np.float64(nan), np.float64(nan), np.float64(nan), np.float64(nan), np.float64(nan), np.float64(nan), np.float64(nan), np.float64(nan), np.float64(nan), np.float64(nan), np.float64(nan), np.float64(nan), np.float64(nan), np.float64(nan), np.float64(nan), np.float64(nan), np.float64(nan), np.float64(nan), np.float64(nan), np.float64(nan), np.float64(nan), np.float64(nan), np.float64(nan), np.float64(nan), np.float64(nan), np.float64(nan), np.float64(nan), np.float64(nan), np.float64(nan), np.float64(nan), np.float64(nan), np.float64(nan), np.float64(nan), np.float64(nan), np.float64(nan), np.float64(nan), np.float64(nan), np.float64(nan), np.float64(nan), np.float64(nan), np.float64(nan), np.float64(nan), np.float64(nan), np.float64(nan), np.float64(nan), np.float64(nan), np.float64(nan), np.float64(nan), np.float64(nan), np.float64(nan), np.float64(nan), np.float64(nan), np.float64(nan), np.float64(nan), np.float64(nan), np.float64(nan), np.float64(nan), np.float64(nan), np.float64(nan), np.float64(nan), np.float64(nan), np.float64(nan), np.float64(nan), np.float64(nan), np.float64(nan), np.float64(nan), np.float64(nan), np.float64(nan), np.float64(nan), np.float64(nan), np.float64(nan), np.float64(nan), np.float64(nan), np.float64(nan), np.float64(nan), np.float64(nan)], params=[np.float64(1.0), np.float64(1.0), np.float64(0.79), np.float64(0.07)], fit_error=[np.float64(0.022), np.float64(0.014)])",[-70.  70.],"[np.float64(0.286), np.float64(0.453)]","[np.float64(0.29), np.float64(0.29), np.float64(0.29), np.float64(0.29), np.float64(0.29), np.float64(0.29), np.float64(0.29), np.float64(0.29), np.float64(0.29), np.float64(0.29), np.float64(0.29), np.float64(0.29), np.float64(0.29), np.float64(0.29), np.float64(0.29), np.float64(0.29), np.float64(0.29), np.float64(0.29), np.float64(0.29), np.float64(0.29), np.float64(0.29), np.float64(0.29), np.float64(0.29), np.float64(0.29), np.float64(0.29), np.float64(0.29), np.float64(0.29), np.float64(0.29), np.float64(0.29), np.float64(0.29), np.float64(0.29), np.float64(0.29), np.float64(0.29), np.float64(0.29), np.float64(0.29), np.float64(0.29), np.float64(0.29), np.float64(0.29), np.float64(0.29), np.float64(0.29), np.float64(0.29), np.float64(0.29), np.float64(0.29), np.float64(0.29), np.float64(0.29), np.float64(0.29), np.float64(0.29), np.float64(0.292), np.float64(0.297), np.float64(0.315), np.float64(0.358), np.float64(0.411), np.float64(0.438), np.float64(0.447), np.float64(0.449), np.float64(0.45), np.float64(0.45), np.float64(0.45), np.float64(0.45), np.float64(0.45), np.float64(0.45), np.float64(0.45), np.float64(0.45), np.float64(0.45), np.float64(0.45), np.float64(0.45), np.float64(0.45), np.float64(0.45), np.float64(0.45), np.float64(0.45), np.float64(0.45), np.float64(0.45), np.float64(0.45), np.float64(0.45), np.float64(0.45), np.float64(0.45), np.float64(0.45), np.float64(0.45), np.float64(0.45), np.float64(0.45), np.float64(0.45), np.float64(0.45), np.float64(0.45), np.float64(0.45), np.float64(0.45), np.float64(0.45), np.float64(0.45), np.float64(0.45), np.float64(0.45), np.float64(0.45), np.float64(0.45), np.float64(0.45), np.float64(0.45), np.float64(0.45), np.float64(0.45), np.float64(0.45), np.float64(0.45), np.float64(0.45), np.float64(0.45), np.float64(0.45)]","[np.float64(0.027), np.float64(0.026)]","[np.float64(1.0), np.float64(1.0), np.float64(0.79), np.float64(0.07)]",1.0,1.0,0.79,0.07,
2022-03-11,4,153,334,Bpod6,337,170,167,206,131,213,126,87,194,18,124,44,80,0.6320474777448071,0.7411764705882353,0.5209580838323353,337,170,167,313,194,119,0.941747572815534,0.9083969465648855,23,12,11,0.05825242718446602,0.08396946564885496,0.6320474777448071,0.7411764705882353,0.5209580838323353,0.6320474777448071,-0.2202183867559,0.6198083067092651,0.782608695652174,-0.16280038894290882,0.9250722596902097,0.07111094641666049,0,0,0,0.0,0.0,0.0,213,126,87,532.5,315.0,217.5,3.0,0,0,0,0.0,,"psych_curve(xdata=array([-70.,  70.]), ydata=[np.float64(0.259), np.float64(0.521)], fit=[np.float64(0.26), np.float64(0.26), np.float64(0.26), np.float64(0.26), np.float64(0.26), np.float64(0.26), np.float64(0.26), np.float64(0.26), np.float64(0.26), np.float64(0.26), np.float64(0.26), np.float64(0.26), np.float64(0.26), np.float64(0.26), np.float64(0.26), np.float64(0.26), np.float64(0.26), np.float64(0.26), np.float64(0.26), np.float64(0.26), np.float64(0.26), np.float64(0.26), np.float64(0.26), np.float64(0.26), np.float64(0.26), np.float64(0.26), np.float64(0.26), np.float64(0.26), np.float64(0.26), np.float64(0.26), np.float64(0.26), np.float64(0.26), np.float64(0.26), np.float64(0.26), np.float64(0.26), np.float64(0.26), np.float64(0.26), np.float64(0.26), np.float64(0.26), np.float64(0.26), np.float64(0.26), np.float64(0.26), np.float64(0.26), np.float64(0.26), np.float64(0.26), np.float64(0.26), np.float64(0.261), np.float64(0.263), np.float64(0.271), np.float64(0.3), np.float64(0.371), np.float64(0.456), np.float64(0.501), np.float64(0.515), np.float64(0.519), np.float64(0.52), np.float64(0.52), np.float64(0.52), np.float64(0.52), np.float64(0.52), np.float64(0.52), np.float64(0.52), np.float64(0.52), np.float64(0.52), np.float64(0.52), np.float64(0.52), np.float64(0.52), np.float64(0.52), np.float64(0.52), np.float64(0.52), np.float64(0.52), np.float64(0.52), np.float64(0.52), np.float64(0.52), np.float64(0.52), np.float64(0.52), np.float64(0.52), np.float64(0.52), np.float64(0.52), np.float64(0.52), np.float64(0.52), np.float64(0.52), np.float64(0.52), np.float64(0.52), np.float64(0.52), np.float64(0.52), np.float64(0.52), np.float64(0.52), np.float64(0.52), np.float64(0.52), np.float64(0.52), np.float64(0.52), np.float64(0.52), np.float64(0.52), np.float64(0.52), np.float64(0.52), np.float64(0.52), np.float64(0.52), np.float64(0.52), np.float64(0.52)], params=[np.float64(1.0), np.float64(1.0), np.float64(0.26), np.float64(0.48)], fit_error=[np.float64(0.034), np.float64(0.039)])",[-70.  70.],"[np.float64(0.259), np.float64(0.521)]","[np.float64(0.26), np.float64(0.26), np.float64(0.26), np.float64(0.26), np.float64(0.26), np.float64(0.26), np.float64(0.26), np.float64(0.26), np.float64(0.26), np.float64(0.26), np.float64(0.26), np.float64(0.26), np.float64(0.26), np.float64(0.26), np.float64(0.26), np.float64(0.26), np.float64(0.26), np.float64(0.26), np.float64(0.26), np.float64(0.26), np.float64(0.26), np.float64(0.26), np.float64(0.26), np.float64(0.26), np.float64(0.26), np.float64(0.26), np.float64(0.26), np.float64(0.26), np.float64(0.26), np.float64(0.26), np.float64(0.26), np.float64(0.26), np.float64(0.26), np.float64(0.26), np.float64(0.26), np.float64(0.26), np.float64(0.26), np.float64(0.26), np.float64(0.26), np.float64(0.26), np.float64(0.26), np.float64(0.26), np.float64(0.26), np.float64(0.26), np.float64(0.26), np.float64(0.26), np.float64(0.261), np.float64(0.263), np.float64(0.271), np.float64(0.3), np.float64(0.371), np.float64(0.456), np.float64(0.501), np.float64(0.515), np.float64(0.519), np.float64(0.52), np.float64(0.52), np.float64(0.52), np.float64(0.52), np.float64(0.52), np.float64(0.52), np.float64(0.52), np.float64(0.52), np.float64(0.52), np.float64(0.52), np.float64(0.52), np.float64(0.52), np.float64(0.52), np.float64(0.52), np.float64(0.52), np.float64(0.52), np.float64(0.52), np.float64(0.52), np.float64(0.52), np.float64(0.52), np.float64(0.52), np.float64(0.52), np.float64(0.52), np.float64(0.52), np.float64(0.52), np.float64(0.52), np.float64(0.52), np.float64(0.52), np.float64(0.52), np.float64(0.52), np.float64(0.52), np.float64(0.52), np.float64(0.52), np.float64(0.52), np.float64(0.52), np.float64(0.52), np.float64(0.52), np.float64(0.52), np.float64(0.52), np.float64(0.52), np.float64(0.52), np.float64(0.52), np.float64(0.52), np.float64(0.52), np.float64(0.52)]","[np.float64(0.034), np.float64(0.039)]","[np.float64(1.0), np.float64(1.0), np.float64(0.26), np.float64(0.48)]",1.0,1.0,0.26,0.48,"psych_curve(xdata=array([-70.,  70.]), ydata=[np.float64(0.869), np.float64(0.975)], fit=[np.float64(nan), np.float64(nan), np.float64(nan), np.float64(nan), np.float64(nan), np.float64(nan), np.float64(nan), np.float64(nan), np.float64(nan), np.float64(nan), np.float64(nan), np.float64(nan), np.float64(nan), np.float64(nan), np.float64(nan), np.float64(nan), np.float64(nan), np.float64(nan), np.float64(nan), np.float64(nan), np.float64(nan), np.float64(nan), np.float64(nan), np.float64(nan), np.float64(nan), np.float64(nan), np.float64(nan), np.float64(nan), np.float64(nan), np.float64(nan), np.float64(nan), np.float64(nan), np.float64(nan), np.float64(nan), np.float64(nan), np.float64(nan), np.float64(nan), np.float64(nan), np.float64(nan), np.float64(nan), np.float64(nan), np.float64(nan), np.float64(nan), np.float64(nan), np.float64(nan), np.float64(nan), np.float64(nan), np.float64(nan), np.float64(nan), np.float64(nan), np.float64(nan), np.float64(nan), np.float64(nan), np.float64(nan), np.float64(nan), np.float64(nan), np.float64(nan), np.float64(nan), np.float64(nan), np.float64(nan), np.float64(nan), np.float64(nan), np.float64(nan), np.float64(nan), np.float64(nan), np.float64(nan), np.float64(nan), np.float64(nan), np.float64(nan), np.float64(nan), np.float64(nan), np.float64(nan), np.float64(nan), np.float64(nan), np.float64(nan), np.float64(nan), np.float64(nan), np.float64(nan), np.float64(nan), np.float64(nan), np.float64(nan), np.float64(nan), np.float64(nan), np.float64(nan), np.float64(nan), np.float64(nan), np.float64(nan), np.float64(nan), np.float64(nan), np.float64(nan), np.float64(nan), np.float64(nan), np.float64(nan), np.float64(nan), np.float64(nan), np.float64(nan), np.float64(nan), np.float64(nan), np.float64(nan), np.float64(nan)], params=[np.float64(1.0), np.float64(1.0), np.float64(0.87), np.float64(0.03)], fit_error=[np.float64(0.029), np.float64(0.011)])",[-70.  70.],"[np.float64(0.259), np.float64(0.521)]","[np.float64(0.26), np.float64(0.26), np.float64(0.26), np.float64(0.26), np.float64(0.26), np.float64(0.26), np.float64(0.26), np.float64(0.26), np.float64(0.26), np.float64(0.26), np.float64(0.26), np.float64(0.26), np.float64(0.26), np.float64(0.26), np.float64(0.26), np.float64(0.26), np.float64(0.26), np.float64(0.26), np.float64(0.26), np.float64(0.26), np.float64(0.26), np.float64(0.26), np.float64(0.26), np.float64(0.26), np.float64(0.26), np.float64(0.26), np.float64(0.26), np.float64(0.26), np.float64(0.26), np.float64(0.26), np.float64(0.26), np.float64(0.26), np.float64(0.26), np.float64(0.26), np.float64(0.26), np.float64(0.26), np.float64(0.26), np.float64(0.26), np.float64(0.26), np.float64(0.26), np.float64(0.26), np.float64(0.26), np.float64(0.26), np.float64(0.26), np.float64(0.26), np.float64(0.26), np.float64(0.261), np.float64(0.263), np.float64(0.271), np.float64(0.3), np.float64(0.371), np.float64(0.456), np.float64(0.501), np.float64(0.515), np.float64(0.519), np.float64(0.52), np.float64(0.52), np.float64(0.52), np.float64(0.52), np.float64(0.52), np.float64(0.52), np.float64(0.52), np.float64(0.52), np.float64(0.52), np.float64(0.52), np.float64(0.52), np.float64(0.52), np.float64(0.52), np.float64(0.52), np.float64(0.52), np.float64(0.52), np.float64(0.52), np.float64(0.52), np.float64(0.52), np.float64(0.52), np.float64(0.52), np.float64(0.52), np.float64(0.52), np.float64(0.52), np.float64(0.52), np.float64(0.52), np.float64(0.52), np.float64(0.52), np.float64(0.52), np.float64(0.52), np.float64(0.52), np.float64(0.52), np.float64(0.52), np.float64(0.52), np.float64(0.52), np.float64(0.52), np.float64(0.52), np.float64(0.52), np.float64(0.52), np.float64(0.52), np.float64(0.52), np.float64(0.52), np.float64(0.52), np.float64(0.52), np.float64(0.52)]","[np.float64(0.034), np.float64(0.039)]","[np.float64(1.0), np.float64(1.0), np.float64(0.87), np.float64(0.03)]",1.0,1.0,0.87,0.03,
2022-03-15,1,157,334,Bpod6,189,94,95,147,38,110,81,29,80,28,75,9,66,0.582010582010582,0.8617021276595744,0.30526315789473685,185,90,95,148,129,19,0.8775510204081632,0.5,35,18,17,0.12244897959183673,0.4473684210526316,0.5945945945945946,0.9,0.30526315789473685,0.5945945945945946,-0.5947368421052632,0.5405405405405406,0.8,-0.2594594594594595,0.6887755102040816,0.28490870032223414,4,4,0,0.021164021164021163,0.0425531914893617,0.0,110,81,29,275.0,202.5,72.5,3.0,0,0,0,0.0,,"psych_curve(xdata=array([-70.,  70.]), ydata=[np.float64(0.1), np.float64(0.305)], fit=[np.float64(0.1), np.float64(0.1), np.float64(0.1), np.float64(0.1), np.float64(0.1), np.float64(0.1), np.float64(0.1), np.float64(0.1), np.float64(0.1), np.float64(0.1), np.float64(0.1), np.float64(0.1), np.float64(0.1), np.float64(0.1), np.float64(0.1), np.float64(0.1), np.float64(0.1), np.float64(0.1), np.float64(0.1), np.float64(0.1), np.float64(0.1), np.float64(0.1), np.float64(0.1), np.float64(0.1), np.float64(0.1), np.float64(0.1), np.float64(0.1), np.float64(0.1), np.float64(0.1), np.float64(0.1), np.float64(0.1), np.float64(0.1), np.float64(0.1), np.float64(0.1), np.float64(0.1), np.float64(0.1), np.float64(0.1), np.float64(0.1), np.float64(0.1), np.float64(0.1), np.float64(0.1), np.float64(0.1), np.float64(0.1), np.float64(0.1), np.float64(0.1), np.float64(0.1), np.float64(0.101), np.float64(0.102), np.float64(0.109), np.float64(0.132), np.float64(0.19), np.float64(0.258), np.float64(0.295), np.float64(0.306), np.float64(0.309), np.float64(0.31), np.float64(0.31), np.float64(0.31), np.float64(0.31), np.float64(0.31), np.float64(0.31), np.float64(0.31), np.float64(0.31), np.float64(0.31), np.float64(0.31), np.float64(0.31), np.float64(0.31), np.float64(0.31), np.float64(0.31), np.float64(0.31), np.float64(0.31), np.float64(0.31), np.float64(0.31), np.float64(0.31), np.float64(0.31), np.float64(0.31), np.float64(0.31), np.float64(0.31), np.float64(0.31), np.float64(0.31), np.float64(0.31), np.float64(0.31), np.float64(0.31), np.float64(0.31), np.float64(0.31), np.float64(0.31), np.float64(0.31), np.float64(0.31), np.float64(0.31), np.float64(0.31), np.float64(0.31), np.float64(0.31), np.float64(0.31), np.float64(0.31), np.float64(0.31), np.float64(0.31), np.float64(0.31), np.float64(0.31), np.float64(0.31), np.float64(0.31)], params=[np.float64(1.0), np.float64(1.0), np.float64(0.1), np.float64(0.69)], fit_error=[np.float64(0.032), np.float64(0.047)])",[-70.  70.],"[np.float64(0.1), np.float64(0.305)]","[np.float64(0.1), np.float64(0.1), np.float64(0.1), np.float64(0.1), np.float64(0.1), np.float64(0.1), np.float64(0.1), np.float64(0.1), np.float64(0.1), np.float64(0.1), np.float64(0.1), np.float64(0.1), np.float64(0.1), np.float64(0.1), np.float64(0.1), np.float64(0.1), np.float64(0.1), np.float64(0.1), np.float64(0.1), np.float64(0.1), np.float64(0.1), np.float64(0.1), np.float64(0.1), np.float64(0.1), np.float64(0.1), np.float64(0.1), np.float64(0.1), np.float64(0.1), np.float64(0.1), np.float64(0.1), np.float64(0.1), np.float64(0.1), np.float64(0.1), np.float64(0.1), np.float64(0.1), np.float64(0.1), np.float64(0.1), np.float64(0.1), np.float64(0.1), np.float64(0.1), np.float64(0.1), np.float64(0.1), np.float64(0.1), np.float64(0.1), np.float64(0.1), np.float64(0.1), np.float64(0.101), np.float64(0.102), np.float64(0.109), np.float64(0.132), np.float64(0.19), np.float64(0.258), np.float64(0.295), np.float64(0.306), np.float64(0.309), np.float64(0.31), np.float64(0.31), np.float64(0.31), np.float64(0.31), np.float64(0.31), np.float64(0.31), np.float64(0.31), np.float64(0.31), np.float64(0.31), np.float64(0.31), np.float64(0.31), np.float64(0.31), np.float64(0.31), np.float64(0.31), np.float64(0.31), np.float64(0.31), np.float64(0.31), np.float64(0.31), np.float64(0.31), np.float64(0.31), np.float64(0.31), np.float64(0.31), np.float64(0.31), np.float64(0.31), np.float64(0.31), np.float64(0.31), np.float64(0.31), np.float64(0.31), np.float64(0.31), np.float64(0.31), np.float64(0.31), np.float64(0.31), np.float64(0.31), np.float64(0.31), np.float64(0.31), np.float64(0.31), np.float64(0.31), np.float64(0.31), np.float64(0.31), np.float64(0.31), np.float64(0.31), np.float64(0.31), np.float64(0.31), np.float64(0.31), np.float64(0.31)]","[np.float64(0.032), np.float64(0.047)]","[np.float64(1.0), np.float64(1.0), np.float64(0.1), np.float64(0.69)]",1.0,1.0,0.1,0.69,"psych_curve(xdata=array([-70.,  70.]), ydata=[np.float64(0.708), np.float64(0.92)], fit=[np.float64(nan), np.float64(nan), np.float64(nan), np.float64(nan), np.float64(nan), np.float64(nan), np.float64(nan), np.float64(nan), np.float64(nan), np.float64(nan), np.float64(nan), np.float64(nan), np.float64(nan), np.float64(nan), np.float64(nan), np.float64(nan), np.float64(nan), np.float64(nan), np.float64(nan), np.float64(nan), np.float64(nan), np.float64(nan), np.float64(nan), np.float64(nan), np.float64(nan), np.float64(nan), np.float64(nan), np.float64(nan), np.float64(nan), np.float64(nan), np.float64(nan), np.float64(nan), np.float64(nan), np.float64(nan), np.float64(nan), np.float64(nan), np.float64(nan), np.float64(nan), np.float64(nan), np.float64(nan), np.float64(nan), np.float64(nan), np.float64(nan), np.float64(nan), np.float64(nan), np.float64(nan), np.float64(nan), np.float64(nan), np.float64(nan), np.float64(nan), np.float64(nan), np.float64(nan), np.float64(nan), np.float64(nan), np.float64(nan), np.float64(nan), np.float64(nan), np.float64(nan), np.float64(nan), np.float64(nan), np.float64(nan), np.float64(nan), np.float64(nan), np.float64(nan), np.float64(nan), np.float64(nan), np.float64(nan), np.float64(nan), np.float64(nan), np.float64(nan), np.float64(nan), np.float64(nan), np.float64(nan), np.float64(nan), np.float64(nan), np.float64(nan), np.float64(nan), np.float64(nan), np.float64(nan), np.float64(nan), np.float64(nan), np.float64(nan), np.float64(nan), np.float64(nan), np.float64(nan), np.float64(nan), np.float64(nan), np.float64(nan), np.float64(nan), np.float64(nan), np.float64(nan), np.float64(nan), np.float64(nan), np.float64(nan), np.float64(nan), np.float64(nan), np.float64(nan), np.float64(nan), np.float64(nan), np.float64(nan)], params=[np.float64(1.0), np.float64(1.0), np.float64(0.71), np.float64(0.08)], fit_error=[np.float64(0.047), np.float64(0.029)])",[-70.  70.],"[np.float64(0.1), np.float64(0.305)]","[np.float64(0.1), np.float64(0.1), np.float64(0.1), np.float64(0.1), np.float64(0.1), np.float64(0.1), np.float64(0.1), np.float64(0.1), np.float64(0.1), np.float64(0.1), np.float64(0.1), np.float64(0.1), np.float64(0.1), np.float64(0.1), np.float64(0.1), np.float64(0.1), np.float64(0.1), np.float64(0.1), np.float64(0.1), np.float64(0.1), np.float64(0.1), np.float64(0.1), np.float64(0.1), np.float64(0.1), np.float64(0.1), np.float64(0.1), np.float64(0.1), np.float64(0.1), np.float64(0.1), np.float64(0.1), np.float64(0.1), np.float64(0.1), np.float64(0.1), np.float64(0.1), np.float64(0.1), np.float64(0.1), np.float64(0.1), np.float64(0.1), np.float64(0.1), np.float64(0.1), np.float64(0.1), np.float64(0.1), np.float64(0.1), np.float64(0.1), np.float64(0.1), np.float64(0.1), np.float64(0.101), np.float64(0.102), np.float64(0.109), np.float64(0.132), np.float64(0.19), np.float64(0.258), np.float64(0.295), np.float64(0.306), np.float64(0.309), np.float64(0.31), np.float64(0.31), np.float64(0.31), np.float64(0.31), np.float64(0.31), np.float64(0.31), np.float64(0.31), np.float64(0.31), np.float64(0.31), np.float64(0.31), np.float64(0.31), np.float64(0.31), np.float64(0.31), np.float64(0.31), np.float64(0.31), np.float64(0.31), np.float64(0.31), np.float64(0.31), np.float64(0.31), np.float64(0.31), np.float64(0.31), np.float64(0.31), np.float64(0.31), np.float64(0.31), np.float64(0.31), np.float64(0.31), np.float64(0.31), np.float64(0.31), np.float64(0.31), np.float64(0.31), np.float64(0.31), np.float64(0.31), np.float64(0.31), np.float64(0.31), np.float64(0.31), np.float64(0.31), np.float64(0.31), np.float64(0.31), np.float64(0.31), np.float64(0.31), np.float64(0.31), np.float64(0.31), np.float64(0.31), np.float64(0.31), np.float64(0.31)]","[np.float64(0.032), np.float64(0.047)]","[np.float64(1.0), np.float64(1.0), np.float64(0.71), np.float64(0.08)]",1.0,1.0,0.71,0.08,
2022-03-16,2,158,334,Bpod6,218,106,112,170,33,125,95,30,87,37,78,3,75,0.573394495412844,0.8962264150943396,0.26785714285714285,203,98,105,155,143,12,0.8411764705882353,0.36363636363636365,42,21,21,0.12352941176470589,0.6363636363636364,0.6157635467980296,0.9693877551020408,0.2857142857142857,0.6157635467980296,-0.6836734693877551,0.5612903225806452,0.8809523809523809,-0.3196620583717358,0.6024064171122995,0.3799465240641711,15,8,7,0.06880733944954129,0.07547169811320754,0.0625,125,95,30,312.5,237.5,75.0,3.0,0,0,0,0.0,,"psych_curve(xdata=array([-70.,  70.]), ydata=[np.float64(0.031), np.float64(0.286)], fit=[np.float64(0.03), np.float64(0.03), np.float64(0.03), np.float64(0.03), np.float64(0.03), np.float64(0.03), np.float64(0.03), np.float64(0.03), np.float64(0.03), np.float64(0.03), np.float64(0.03), np.float64(0.03), np.float64(0.03), np.float64(0.03), np.float64(0.03), np.float64(0.03), np.float64(0.03), np.float64(0.03), np.float64(0.03), np.float64(0.03), np.float64(0.03), np.float64(0.03), np.float64(0.03), np.float64(0.03), np.float64(0.03), np.float64(0.03), np.float64(0.03), np.float64(0.03), np.float64(0.03), np.float64(0.03), np.float64(0.03), np.float64(0.03), np.float64(0.03), np.float64(0.03), np.float64(0.03), np.float64(0.03), np.float64(0.03), np.float64(0.03), np.float64(0.03), np.float64(0.03), np.float64(0.03), np.float64(0.03), np.float64(0.03), np.float64(0.03), np.float64(0.03), np.float64(0.03), np.float64(0.031), np.float64(0.033), np.float64(0.041), np.float64(0.07), np.float64(0.141), np.float64(0.226), np.float64(0.271), np.float64(0.285), np.float64(0.289), np.float64(0.29), np.float64(0.29), np.float64(0.29), np.float64(0.29), np.float64(0.29), np.float64(0.29), np.float64(0.29), np.float64(0.29), np.float64(0.29), np.float64(0.29), np.float64(0.29), np.float64(0.29), np.float64(0.29), np.float64(0.29), np.float64(0.29), np.float64(0.29), np.float64(0.29), np.float64(0.29), np.float64(0.29), np.float64(0.29), np.float64(0.29), np.float64(0.29), np.float64(0.29), np.float64(0.29), np.float64(0.29), np.float64(0.29), np.float64(0.29), np.float64(0.29), np.float64(0.29), np.float64(0.29), np.float64(0.29), np.float64(0.29), np.float64(0.29), np.float64(0.29), np.float64(0.29), np.float64(0.29), np.float64(0.29), np.float64(0.29), np.float64(0.29), np.float64(0.29), np.float64(0.29), np.float64(0.29), np.float64(0.29), np.float64(0.29), np.float64(0.29)], params=[np.float64(1.0), np.float64(1.0), np.float64(0.03), np.float64(0.71)], fit_error=[np.float64(0.017), np.float64(0.044)])",[-70.  70.],"[np.float64(0.031), np.float64(0.286)]","[np.float64(0.03), np.float64(0.03), np.float64(0.03), np.float64(0.03), np.float64(0.03), np.float64(0.03), np.float64(0.03), np.float64(0.03), np.float64(0.03), np.float64(0.03), np.float64(0.03), np.float64(0.03), np.float64(0.03), np.float64(0.03), np.float64(0.03), np.float64(0.03), np.float64(0.03), np.float64(0.03), np.float64(0.03), np.float64(0.03), np.float64(0.03), np.float64(0.03), np.float64(0.03), np.float64(0.03), np.float64(0.03), np.float64(0.03), np.float64(0.03), np.float64(0.03), np.float64(0.03), np.float64(0.03), np.float64(0.03), np.float64(0.03), np.float64(0.03), np.float64(0.03), np.float64(0.03), np.float64(0.03), np.float64(0.03), np.float64(0.03), np.float64(0.03), np.float64(0.03), np.float64(0.03), np.float64(0.03), np.float64(0.03), np.float64(0.03), np.float64(0.03), np.float64(0.03), np.float64(0.031), np.float64(0.033), np.float64(0.041), np.float64(0.07), np.float64(0.141), np.float64(0.226), np.float64(0.271), np.float64(0.285), np.float64(0.289), np.float64(0.29), np.float64(0.29), np.float64(0.29), np.float64(0.29), np.float64(0.29), np.float64(0.29), np.float64(0.29), np.float64(0.29), np.float64(0.29), np.float64(0.29), np.float64(0.29), np.float64(0.29), np.float64(0.29), np.float64(0.29), np.float64(0.29), np.float64(0.29), np.float64(0.29), np.float64(0.29), np.float64(0.29), np.float64(0.29), np.float64(0.29), np.float64(0.29), np.float64(0.29), np.float64(0.29), np.float64(0.29), np.float64(0.29), np.float64(0.29), np.float64(0.29), np.float64(0.29), np.float64(0.29), np.float64(0.29), np.float64(0.29), np.float64(0.29), np.float64(0.29), np.float64(0.29), np.float64(0.29), np.float64(0.29), np.float64(0.29), np.float64(0.29), np.float64(0.29), np.float64(0.29), np.float64(0.29), np.float64(0.29), np.float64(0.29), np.float64(0.29)]","[np.float64(0.017), np.float64(0.044)]","[np.float64(1.0), np.float64(1.0), np.float64(0.03), np.float64(0.71)]",1.0,1.0,0.03,0.71,"psych_curve(xdata=array([-70.,  70.]), ydata=[np.float64(0.648), np.float64(0.946)], fit=[np.float64(nan), np.float64(nan), np.float64(nan), np.float64(nan), np.float64(nan), np.float64(nan), np.float64(nan), np.float64(nan), np.float64(nan), np.float64(nan), np.float64(nan), np.float64(nan), np.float64(nan), np.float64(nan), np.float64(nan), np.float64(nan), np.float64(nan), np.float64(nan), np.float64(nan), np.float64(nan), np.float64(nan), np.float64(nan), np.float64(nan), np.float64(nan), np.float64(nan), np.float64(nan), np.float64(nan), np.float64(nan), np.float64(nan), np.float64(nan), np.float64(nan), np.float64(nan), np.float64(nan), np.float64(nan), np.float64(nan), np.float64(nan), np.float64(nan), np.float64(nan), np.float64(nan), np.float64(nan), np.float64(nan), np.float64(nan), np.float64(nan), np.float64(nan), np.float64(nan), np.float64(nan), np.float64(nan), np.float64(nan), np.float64(nan), np.float64(nan), np.float64(nan), np.float64(nan), np.float64(nan), np.float64(nan), np.float64(nan), np.float64(nan), np.float64(nan), np.float64(nan), np.float64(nan), np.float64(nan), np.float64(nan), np.float64(nan), np.float64(nan), np.float64(nan), np.float64(nan), np.float64(nan), np.float64(nan), np.float64(nan), np.float64(nan), np.float64(nan), np.float64(nan), np.float64(nan), np.float64(nan), np.float64(nan), np.float64(nan), np.float64(nan), np.float64(nan), np.float64(nan), np.float64(nan), np.float64(nan), np.float64(nan), np.float64(nan), np.float64(nan), np.float64(nan), np.float64(nan), np.float64(nan), np.float64(nan), np.float64(nan), np.float64(nan), np.float64(nan), np.float64(nan), np.float64(nan), np.float64(nan), np.float64(nan), np.float64(nan), np.float64(nan), np.float64(nan), np.float64(nan), np.float64(nan), np.float64(nan)], params=[np.float64(1.0), np.float64(1.0), np.float64(0.65), np.float64(0.05)], fit_error=[np.float64(0.047), np.float64(0.024)])",[-70.  70.],"[np.float64(0.031), np.float64(0.286)]","[np.float64(0.03), np.float64(0.03), np.float64(0.03), np.float64(0.03), np.float64(0.03), np.float64(0.03), np.float64(0.03), np.float64(0.03), np.float64(0.03), np.float64(0.03), np.float64(0.03), np.float64(0.03), np.float64(0.03), np.float64(0.03), np.float64(0.03), np.float64(0.03), np.float64(0.03), np.float64(0.03), np.float64(0.03), np.float64(0.03), np.float64(0.03), np.float64(0.03), np.float64(0.03), np.float64(0.03), np.float64(0.03), np.float64(0.03), np.float64(0.03), np.float64(0.03), np.float64(0.03), np.float64(0.03), np.float64(0.03), np.float64(0.03), np.float64(0.03), np.float64(0.03), np.float64(0.03), np.float64(0.03), np.float64(0.03), np.float64(0.03), np.float64(0.03), np.float64(0.03), np.float64(0.03), np.float64(0.03), np.float64(0.03), np.float64(0.03), np.float64(0.03), np.float64(0.03), np.float64(0.031), np.float64(0.033), np.float64(0.041), np.float64(0.07), np.float64(0.141), np.float64(0.226), np.float64(0.271), np.float64(0.285), np.float64(0.289), np.float64(0.29), np.float64(0.29), np.float64(0.29), np.float64(0.29), np.float64(0.29), np.float64(0.29), np.float64(0.29), np.float64(0.29), np.float64(0.29), np.float64(0.29), np.float64(0.29), np.float64(0.29), np.float64(0.29), np.float64(0.29), np.float64(0.29), np.float64(0.29), np.float64(0.29), np.float64(0.29), np.float64(0.29), np.float64(0.29), np.float64(0.29), np.float64(0.29), np.float64(0.29), np.float64(0.29), np.float64(0.29), np.float64(0.29), np.float64(0.29), np.float64(0.29), np.float64(0.29), np.float64(0.29), np.float64(0.29), np.float64(0.29), np.float64(0.29), np.float64(0.29), np.float64(0.29), np.float64(0.29), np.float64(0.29), np.float64(0.29), np.float64(0.29), np.float64(0.29), np.float64(0.29), np.float64(0.29), np.float64(0.29), np.float64(0.29), np.float64(0.29)]","[np.float64(0.017), np.float64(0.044)]","[np.float64(1.0), np.float64(1.0), np.float64(0.65), np.float64(0.05)]",1.0,1.0,0.65,0.05,
2022-03-17,3,159,334,Bpod6,283,109,174,235,48,145,103,42,108,36,138,6,132,0.5123674911660777,0.944954128440367,0.2413793103448276,283,109,174,244,215,29,0.9148936170212766,0.6041666666666666,38,19,19,0.08085106382978724,0.3958333333333333,0.5123674911660777,0.944954128440367,0.2413793103448276,0.5123674911660777,-0.7035748180955393,0.4426229508196721,0.9473684210526315,-0.5047454702329595,0.7595301418439716,0.23834219858156028,0,0,0,0.0,0.0,0.0,145,103,42,362.5,257.5,105.0,3.0,0,0,0,0.0,,"psych_curve(xdata=array([-70.,  70.]), ydata=[np.float64(0.055), np.float64(0.241)], fit=[np.float64(0.05), np.float64(0.05), np.float64(0.05), np.float64(0.05), np.float64(0.05), np.float64(0.05), np.float64(0.05), np.float64(0.05), np.float64(0.05), np.float64(0.05), np.float64(0.05), np.float64(0.05), np.float64(0.05), np.float64(0.05), np.float64(0.05), np.float64(0.05), np.float64(0.05), np.float64(0.05), np.float64(0.05), np.float64(0.05), np.float64(0.05), np.float64(0.05), np.float64(0.05), np.float64(0.05), np.float64(0.05), np.float64(0.05), np.float64(0.05), np.float64(0.05), np.float64(0.05), np.float64(0.05), np.float64(0.05), np.float64(0.05), np.float64(0.05), np.float64(0.05), np.float64(0.05), np.float64(0.05), np.float64(0.05), np.float64(0.05), np.float64(0.05), np.float64(0.05), np.float64(0.05), np.float64(0.05), np.float64(0.05), np.float64(0.05), np.float64(0.05), np.float64(0.05), np.float64(0.05), np.float64(0.052), np.float64(0.058), np.float64(0.079), np.float64(0.131), np.float64(0.193), np.float64(0.226), np.float64(0.236), np.float64(0.239), np.float64(0.24), np.float64(0.24), np.float64(0.24), np.float64(0.24), np.float64(0.24), np.float64(0.24), np.float64(0.24), np.float64(0.24), np.float64(0.24), np.float64(0.24), np.float64(0.24), np.float64(0.24), np.float64(0.24), np.float64(0.24), np.float64(0.24), np.float64(0.24), np.float64(0.24), np.float64(0.24), np.float64(0.24), np.float64(0.24), np.float64(0.24), np.float64(0.24), np.float64(0.24), np.float64(0.24), np.float64(0.24), np.float64(0.24), np.float64(0.24), np.float64(0.24), np.float64(0.24), np.float64(0.24), np.float64(0.24), np.float64(0.24), np.float64(0.24), np.float64(0.24), np.float64(0.24), np.float64(0.24), np.float64(0.24), np.float64(0.24), np.float64(0.24), np.float64(0.24), np.float64(0.24), np.float64(0.24), np.float64(0.24), np.float64(0.24), np.float64(0.24)], params=[np.float64(1.0), np.float64(1.0), np.float64(0.05), np.float64(0.76)], fit_error=[np.float64(0.022), np.float64(0.033)])",[-70.  70.],"[np.float64(0.055), np.float64(0.241)]","[np.float64(0.05), np.float64(0.05), np.float64(0.05), np.float64(0.05), np.float64(0.05), np.float64(0.05), np.float64(0.05), np.float64(0.05), np.float64(0.05), np.float64(0.05), np.float64(0.05), np.float64(0.05), np.float64(0.05), np.float64(0.05), np.float64(0.05), np.float64(0.05), np.float64(0.05), np.float64(0.05), np.float64(0.05), np.float64(0.05), np.float64(0.05), np.float64(0.05), np.float64(0.05), np.float64(0.05), np.float64(0.05), np.float64(0.05), np.float64(0.05), np.float64(0.05), np.float64(0.05), np.float64(0.05), np.float64(0.05), np.float64(0.05), np.float64(0.05), np.float64(0.05), np.float64(0.05), np.float64(0.05), np.float64(0.05), np.float64(0.05), np.float64(0.05), np.float64(0.05), np.float64(0.05), np.float64(0.05), np.float64(0.05), np.float64(0.05), np.float64(0.05), np.float64(0.05), np.float64(0.05), np.float64(0.052), np.float64(0.058), np.float64(0.079), np.float64(0.131), np.float64(0.193), np.float64(0.226), np.float64(0.236), np.float64(0.239), np.float64(0.24), np.float64(0.24), np.float64(0.24), np.float64(0.24), np.float64(0.24), np.float64(0.24), np.float64(0.24), np.float64(0.24), np.float64(0.24), np.float64(0.24), np.float64(0.24), np.float64(0.24), np.float64(0.24), np.float64(0.24), np.float64(0.24), np.float64(0.24), np.float64(0.24), np.float64(0.24), np.float64(0.24), np.float64(0.24), np.float64(0.24), np.float64(0.24), np.float64(0.24), np.float64(0.24), np.float64(0.24), np.float64(0.24), np.float64(0.24), np.float64(0.24), np.float64(0.24), np.float64(0.24), np.float64(0.24), np.float64(0.24), np.float64(0.24), np.float64(0.24), np.float64(0.24), np.float64(0.24), np.float64(0.24), np.float64(0.24), np.float64(0.24), np.float64(0.24), np.float64(0.24), np.float64(0.24), np.float64(0.24), np.float64(0.24), np.float64(0.24)]","[np.float64(0.022), np.float64(0.033)]","[np.float64(1.0), np.float64(1.0), np.float64(0.05), np.float64(0.76)]",1.0,1.0,0.05,0.76,"psych_curve(xdata=array([-70.,  70.]), ydata=[np.float64(0.791), np.float64(0.982)], fit=[np.float64(nan), np.float64(nan), np.float64(nan), np.float64(nan), np.float64(nan), np.float64(nan), np.float64(nan), np.float64(nan), np.float64(nan), np.float64(nan), np.float64(nan), np.float64(nan), np.float64(nan), np.float64(nan), np.float64(nan), np.float64(nan), np.float64(nan), np.float64(nan), np.float64(nan), np.float64(nan), np.float64(nan), np.float64(nan), np.float64(nan), np.float64(nan), np.float64(nan), np.float64(nan), np.float64(nan), np.float64(nan), np.float64(nan), np.float64(nan), np.float64(nan), np.float64(nan), np.float64(nan), np.float64(nan), np.float64(nan), np.float64(nan), np.float64(nan), np.float64(nan), np.float64(nan), np.float64(nan), np.float64(nan), np.float64(nan), np.float64(nan), np.float64(nan), np.float64(nan), np.float64(nan), np.float64(nan), np.float64(nan), np.float64(nan), np.float64(nan), np.float64(nan), np.float64(nan), np.float64(nan), np.float64(nan), np.float64(nan), np.float64(nan), np.float64(nan), np.float64(nan), np.float64(nan), np.float64(nan), np.float64(nan), np.float64(nan), np.float64(nan), np.float64(nan), np.float64(nan), np.float64(nan), np.float64(nan), np.float64(nan), np.float64(nan), np.float64(nan), np.float64(nan), np.float64(nan), np.float64(nan), np.float64(nan), np.float64(nan), np.float64(nan), np.float64(nan), np.float64(nan), np.float64(nan), np.float64(nan), np.float64(nan), np.float64(nan), np.float64(nan), np.float64(nan), np.float64(nan), np.float64(nan), np.float64(nan), np.float64(nan), np.float64(nan), np.float64(nan), np.float64(nan), np.float64(nan), np.float64(nan), np.float64(nan), np.float64(nan), np.float64(nan), np.float64(nan), np.float64(nan), np.float64(nan), np.float64(nan)], params=[np.float64(1.0), np.float64(1.0), np.float64(0.79), np.float64(0.02)], fit_error=[np.float64(0.031), np.float64(0.013)])",[-70.  70.],"[np.float64(0.055), np.float64(0.241)]","[np.float64(0.05), np.float64(0.05), np.float64(0.05), np.float64(0.05), np.float64(0.05), np.float64(0.05), np.float64(0.05), np.float64(0.05), np.float64(0.05), np.float64(0.05), np.float64(0.05), np.float64(0.05), np.float64(0.05), np.float64(0.05), np.float64(0.05), np.float64(0.05), np.float64(0.05), np.float64(0.05), np.float64(0.05), np.float64(0.05), np.float64(0.05), np.float64(0.05), np.float64(0.05), np.float64(0.05), np.float64(0.05), np.float64(0.05), np.float64(0.05), np.float64(0.05), np.float64(0.05), np.float64(0.05), np.float64(0.05), np.float64(0.05), np.float64(0.05), np.float64(0.05), np.float64(0.05), np.float64(0.05), np.float64(0.05), np.float64(0.05), np.float64(0.05), np.float64(0.05), np.float64(0.05), np.float64(0.05), np.float64(0.05), np.float64(0.05), np.float64(0.05), np.float64(0.05), np.float64(0.05), np.float64(0.052), np.float64(0.058), np.float64(0.079), np.float64(0.131), np.float64(0.193), np.float64(0.226), np.float64(0.236), np.float64(0.239), np.float64(0.24), np.float64(0.24), np.float64(0.24), np.float64(0.24), np.float64(0.24), np.float64(0.24), np.float64(0.24), np.float64(0.24), np.float64(0.24), np.float64(0.24), np.float64(0.24), np.float64(0.24), np.float64(0.24), np.float64(0.24), np.float64(0.24), np.float64(0.24), np.float64(0.24), np.float64(0.24), np.float64(0.24), np.float64(0.24), np.float64(0.24), np.float64(0.24), np.float64(0.24), np.float64(0.24), np.float64(0.24), np.float64(0.24), np.float64(0.24), np.float64(0.24), np.float64(0.24), np.float64(0.24), np.float64(0.24), np.float64(0.24), np.float64(0.24), np.float64(0.24), np.float64(0.24), np.float64(0.24), np.float64(0.24), np.float64(0.24), np.float64(0.24), np.float64(0.24), np.float64(0.24), np.float64(0.24), np.float64(0.24), np.float64(0.24), np.float64(0.24)]","[np.float64(0.022), np.float64(0.033)]","[np.float64(1.0), np.float64(1.0), np.float64(0.79), np.float64(0.02)]",1.0,1.0,0.79,0.02,
2022-03-18,4,160,334,Bpod6,448,171,277,291,149,226,123,103,189,34,214,46,168,0.5044642857142857,0.7192982456140351,0.37184115523465705,440,169,271,389,264,125,0.9072164948453608,0.8389261744966443,47,24,23,0.08247422680412371,0.15436241610738255,0.5136363636363637,0.727810650887574,0.3800738007380074,0.5136363636363637,-0.3477368501495666,0.48586118251928023,0.723404255319149,-0.23754307279986875,0.8730713346710026,0.11841832145575312,8,2,6,0.017857142857142856,0.011695906432748537,0.021660649819494584,226,123,103,565.0,307.5,257.5,3.0,0,0,0,0.0,,"psych_curve(xdata=array([-70.,  70.]), ydata=[np.float64(0.272), np.float64(0.38)], fit=[np.float64(0.27), np.float64(0.27), np.float64(0.27), np.float64(0.27), np.float64(0.27), np.float64(0.27), np.float64(0.27), np.float64(0.27), np.float64(0.27), np.float64(0.27), np.float64(0.27), np.float64(0.27), np.float64(0.27), np.float64(0.27), np.float64(0.27), np.float64(0.27), np.float64(0.27), np.float64(0.27), np.float64(0.27), np.float64(0.27), np.float64(0.27), np.float64(0.27), np.float64(0.27), np.float64(0.27), np.float64(0.27), np.float64(0.27), np.float64(0.27), np.float64(0.27), np.float64(0.27), np.float64(0.27), np.float64(0.27), np.float64(0.27), np.float64(0.27), np.float64(0.27), np.float64(0.27), np.float64(0.27), np.float64(0.27), np.float64(0.27), np.float64(0.27), np.float64(0.27), np.float64(0.27), np.float64(0.27), np.float64(0.27), np.float64(0.27), np.float64(0.27), np.float64(0.27), np.float64(0.27), np.float64(0.271), np.float64(0.275), np.float64(0.287), np.float64(0.317), np.float64(0.353), np.float64(0.372), np.float64(0.378), np.float64(0.379), np.float64(0.38), np.float64(0.38), np.float64(0.38), np.float64(0.38), np.float64(0.38), np.float64(0.38), np.float64(0.38), np.float64(0.38), np.float64(0.38), np.float64(0.38), np.float64(0.38), np.float64(0.38), np.float64(0.38), np.float64(0.38), np.float64(0.38), np.float64(0.38), np.float64(0.38), np.float64(0.38), np.float64(0.38), np.float64(0.38), np.float64(0.38), np.float64(0.38), np.float64(0.38), np.float64(0.38), np.float64(0.38), np.float64(0.38), np.float64(0.38), np.float64(0.38), np.float64(0.38), np.float64(0.38), np.float64(0.38), np.float64(0.38), np.float64(0.38), np.float64(0.38), np.float64(0.38), np.float64(0.38), np.float64(0.38), np.float64(0.38), np.float64(0.38), np.float64(0.38), np.float64(0.38), np.float64(0.38), np.float64(0.38), np.float64(0.38), np.float64(0.38)], params=[np.float64(1.0), np.float64(1.0), np.float64(0.27), np.float64(0.62)], fit_error=[np.float64(0.034), np.float64(0.03)])",[-70.  70.],"[np.float64(0.272), np.float64(0.38)]","[np.float64(0.27), np.float64(0.27), np.float64(0.27), np.float64(0.27), np.float64(0.27), np.float64(0.27), np.float64(0.27), np.float64(0.27), np.float64(0.27), np.float64(0.27), np.float64(0.27), np.float64(0.27), np.float64(0.27), np.float64(0.27), np.float64(0.27), np.float64(0.27), np.float64(0.27), np.float64(0.27), np.float64(0.27), np.float64(0.27), np.float64(0.27), np.float64(0.27), np.float64(0.27), np.float64(0.27), np.float64(0.27), np.float64(0.27), np.float64(0.27), np.float64(0.27), np.float64(0.27), np.float64(0.27), np.float64(0.27), np.float64(0.27), np.float64(0.27), np.float64(0.27), np.float64(0.27), np.float64(0.27), np.float64(0.27), np.float64(0.27), np.float64(0.27), np.float64(0.27), np.float64(0.27), np.float64(0.27), np.float64(0.27), np.float64(0.27), np.float64(0.27), np.float64(0.27), np.float64(0.27), np.float64(0.271), np.float64(0.275), np.float64(0.287), np.float64(0.317), np.float64(0.353), np.float64(0.372), np.float64(0.378), np.float64(0.379), np.float64(0.38), np.float64(0.38), np.float64(0.38), np.float64(0.38), np.float64(0.38), np.float64(0.38), np.float64(0.38), np.float64(0.38), np.float64(0.38), np.float64(0.38), np.float64(0.38), np.float64(0.38), np.float64(0.38), np.float64(0.38), np.float64(0.38), np.float64(0.38), np.float64(0.38), np.float64(0.38), np.float64(0.38), np.float64(0.38), np.float64(0.38), np.float64(0.38), np.float64(0.38), np.float64(0.38), np.float64(0.38), np.float64(0.38), np.float64(0.38), np.float64(0.38), np.float64(0.38), np.float64(0.38), np.float64(0.38), np.float64(0.38), np.float64(0.38), np.float64(0.38), np.float64(0.38), np.float64(0.38), np.float64(0.38), np.float64(0.38), np.float64(0.38), np.float64(0.38), np.float64(0.38), np.float64(0.38), np.float64(0.38), np.float64(0.38), np.float64(0.38)]","[np.float64(0.034), np.float64(0.03)]","[np.float64(1.0), np.float64(1.0), np.float64(0.27), np.float64(0.62)]",1.0,1.0,0.27,0.62,"psych_curve(xdata=array([-70.,  70.]), ydata=[np.float64(0.855), np.float64(0.936)], fit=[np.float64(nan), np.float64(nan), np.float64(nan), np.float64(nan), np.float64(nan), np.float64(nan), np.float64(nan), np.float64(nan), np.float64(nan), np.float64(nan), np.float64(nan), np.float64(nan), np.float64(nan), np.float64(nan), np.float64(nan), np.float64(nan), np.float64(nan), np.float64(nan), np.float64(nan), np.float64(nan), np.float64(nan), np.float64(nan), np.float64(nan), np.float64(nan), np.float64(nan), np.float64(nan), np.float64(nan), np.float64(nan), np.float64(nan), np.float64(nan), np.float64(nan), np.float64(nan), np.float64(nan), np.float64(nan), np.float64(nan), np.float64(nan), np.float64(nan), np.float64(nan), np.float64(nan), np.float64(nan), np.float64(nan), np.float64(nan), np.float64(nan), np.float64(nan), np.float64(nan), np.float64(nan), np.float64(nan), np.float64(nan), np.float64(nan), np.float64(nan), np.float64(nan), np.float64(nan), np.float64(nan), np.float64(nan), np.float64(nan), np.float64(nan), np.float64(nan), np.float64(nan), np.float64(nan), np.float64(nan), np.float64(nan), np.float64(nan), np.float64(nan), np.float64(nan), np.float64(nan), np.float64(nan), np.float64(nan), np.float64(nan), np.float64(nan), np.float64(nan), np.float64(nan), np.float64(nan), np.float64(nan), np.float64(nan), np.float64(nan), np.float64(nan), np.float64(nan), np.float64(nan), np.float64(nan), np.float64(nan), np.float64(nan), np.float64(nan), np.float64(nan), np.float64(nan), np.float64(nan), np.float64(nan), np.float64(nan), np.float64(nan), np.float64(nan), np.float64(nan), np.float64(nan), np.float64(nan), np.float64(nan), np.float64(nan), np.float64(nan), np.float64(nan), np.float64(nan), np.float64(nan), np.float64(nan), np.float64(nan)], params=[np.float64(1.0), np.float64(1.0), np.float64(0.85), np.float64(0.06)], fit_error=[np.float64(0.023), np.float64(0.017)])",[-70.  70.],"[np.float64(0.272), np.float64(0.38)]","[np.float64(0.27), np.float64(0.27), np.float64(0.27), np.float64(0.27), np.float64(0.27), np.float64(0.27), np.float64(0.27), np.float64(0.27), np.float64(0.27), np.float64(0.27), np.float64(0.27), np.float64(0.27), np.float64(0.27), np.float64(0.27), np.float64(0.27), np.float64(0.27), np.float64(0.27), np.float64(0.27), np.float64(0.27), np.float64(0.27), np.float64(0.27), np.float64(0.27), np.float64(0.27), np.float64(0.27), np.float64(0.27), np.float64(0.27), np.float64(0.27), np.float64(0.27), np.float64(0.27), np.float64(0.27), np.float64(0.27), np.float64(0.27), np.float64(0.27), np.float64(0.27), np.float64(0.27), np.float64(0.27), np.float64(0.27), np.float64(0.27), np.float64(0.27), np.float64(0.27), np.float64(0.27), np.float64(0.27), np.float64(0.27), np.float64(0.27), np.float64(0.27), np.float64(0.27), np.float64(0.27), np.float64(0.271), np.float64(0.275), np.float64(0.287), np.float64(0.317), np.float64(0.353), np.float64(0.372), np.float64(0.378), np.float64(0.379), np.float64(0.38), np.float64(0.38), np.float64(0.38), np.float64(0.38), np.float64(0.38), np.float64(0.38), np.float64(0.38), np.float64(0.38), np.float64(0.38), np.float64(0.38), np.float64(0.38), np.float64(0.38), np.float64(0.38), np.float64(0.38), np.float64(0.38), np.float64(0.38), np.float64(0.38), np.float64(0.38), np.float64(0.38), np.float64(0.38), np.float64(0.38), np.float64(0.38), np.float64(0.38), np.float64(0.38), np.float64(0.38), np.float64(0.38), np.float64(0.38), np.float64(0.38), np.float64(0.38), np.float64(0.38), np.float64(0.38), np.float64(0.38), np.float64(0.38), np.float64(0.38), np.float64(0.38), np.float64(0.38), np.float64(0.38), np.float64(0.38), np.float64(0.38), np.float64(0.38), np.float64(0.38), np.float64(0.38), np.float64(0.38), np.float64(0.38), np.float64(0.38)]","[np.float64(0.034), np.float64(0.03)]","[np.float64(1.0), np.float64(1.0), np.float64(0.85), np.float64(0.06)]",1.0,1.0,0.85,0.06,
2022-03-30,2,172,334,Bpod6,99,39,60,18,23,33,13,20,12,12,21,9,12,0.3333333333333333,0.3333333333333333,0.3333333333333333,41,18,23,16,7,9,0.3888888888888889,0.391304347826087,13,8,5,0.4444444444444444,0.21739130434782608,0.8048780487804879,0.7222222222222222,0.8695652173913043,0.8048780487804879,0.1473429951690821,0.75,0.9230769230769231,-0.17307692307692313,0.39009661835748793,0.33091787439613524,58,21,37,0.5858585858585859,0.5384615384615384,0.6166666666666667,41,18,23,102.5,45.0,57.5,3.0,0,0,0,0.0,,"psych_curve(xdata=array([-70.,  70.]), ydata=[np.float64(0.0), np.float64(1.0)], fit=[np.float64(0.0), np.float64(0.0), np.float64(0.0), np.float64(0.0), np.float64(0.0), np.float64(0.0), np.float64(0.0), np.float64(0.0), np.float64(0.0), np.float64(0.0), np.float64(0.0), np.float64(0.0), np.float64(0.0), np.float64(0.0), np.float64(0.0), np.float64(0.0), np.float64(0.0), np.float64(0.0), np.float64(0.0), np.float64(0.0), np.float64(0.0), np.float64(0.0), np.float64(0.0), np.float64(0.0), np.float64(0.0), np.float64(0.0), np.float64(0.0), np.float64(0.0), np.float64(0.0), np.float64(0.0), np.float64(0.0), np.float64(0.0), np.float64(0.0), np.float64(0.0), np.float64(0.0), np.float64(0.0), np.float64(0.0), np.float64(0.0), np.float64(0.0), np.float64(0.0), np.float64(0.0), np.float64(0.0), np.float64(0.0), np.float64(0.0), np.float64(0.0), np.float64(0.001), np.float64(0.003), np.float64(0.011), np.float64(0.042), np.float64(0.154), np.float64(0.427), np.float64(0.754), np.float64(0.927), np.float64(0.981), np.float64(0.995), np.float64(0.999), np.float64(1.0), np.float64(1.0), np.float64(1.0), np.float64(1.0), np.float64(1.0), np.float64(1.0), np.float64(1.0), np.float64(1.0), np.float64(1.0), np.float64(1.0), np.float64(1.0), np.float64(1.0), np.float64(1.0), np.float64(1.0), np.float64(1.0), np.float64(1.0), np.float64(1.0), np.float64(1.0), np.float64(1.0), np.float64(1.0), np.float64(1.0), np.float64(1.0), np.float64(1.0), np.float64(1.0), np.float64(1.0), np.float64(1.0), np.float64(1.0), np.float64(1.0), np.float64(1.0), np.float64(1.0), np.float64(1.0), np.float64(1.0), np.float64(1.0), np.float64(1.0), np.float64(1.0), np.float64(1.0), np.float64(1.0), np.float64(1.0), np.float64(1.0), np.float64(1.0), np.float64(1.0), np.float64(1.0), np.float64(1.0), np.float64(1.0)], params=[np.float64(1.0), np.float64(1.0), np.float64(0.0), np.float64(0.0)], fit_error=[np.float64(0.0), np.float64(0.0)])",[-70.  70.],"[np.float64(0.0), np.float64(1.0)]","[np.float64(0.0), np.float64(0.0), np.float64(0.0), np.float64(0.0), np.float64(0.0), np.float64(0.0), np.float64(0.0), np.float64(0.0), np.float64(0.0), np.float64(0.0), np.float64(0.0), np.float64(0.0), np.float64(0.0), np.float64(0.0), np.float64(0.0), np.float64(0.0), np.float64(0.0), np.float64(0.0), np.float64(0.0), np.float64(0.0), np.float64(0.0), np.float64(0.0), np.float64(0.0), np.float64(0.0), np.float64(0.0), np.float64(0.0), np.float64(0.0), np.float64(0.0), np.float64(0.0), np.float64(0.0), np.float64(0.0), np.float64(0.0), np.float64(0.0), np.float64(0.0), np.float64(0.0), np.float64(0.0), np.float64(0.0), np.float64(0.0), np.float64(0.0), np.float64(0.0), np.float64(0.0), np.float64(0.0), np.float64(0.0), np.float64(0.0), np.float64(0.0), np.float64(0.001), np.float64(0.003), np.float64(0.011), np.float64(0.042), np.float64(0.154), np.float64(0.427), np.float64(0.754), np.float64(0.927), np.float64(0.981), np.float64(0.995), np.float64(0.999), np.float64(1.0), np.float64(1.0), np.float64(1.0), np.float64(1.0), np.float64(1.0), np.float64(1.0), np.float64(1.0), np.float64(1.0), np.float64(1.0), np.float64(1.0), np.float64(1.0), np.float64(1.0), np.float64(1.0), np.float64(1.0), np.float64(1.0), np.float64(1.0), np.float64(1.0), np.float64(1.0), np.float64(1.0), np.float64(1.0), np.float64(1.0), np.float64(1.0), np.float64(1.0), np.float64(1.0), np.float64(1.0), np.float64(1.0), np.float64(1.0), np.float64(1.0), np.float64(1.0), np.float64(1.0), np.float64(1.0), np.float64(1.0), np.float64(1.0), np.float64(1.0), np.float64(1.0), np.float64(1.0), np.float64(1.0), np.float64(1.0), np.float64(1.0), np.float64(1.0), np.float64(1.0), np.float64(1.0), np.float64(1.0), np.float64(1.0)]","[np.float64(0.0), np.float64(0.0)]","[np.float64(1.0), np.float64(1.0), np.float64(0.0), np.float64(0.0)]",1.0,1.0,0.0,0.0,"psych_curve(xdata=array([-70.,  70.]), ydata=[np.float64(0.0), np.float64(1.0)], fit=[np.float64(nan), np.float64(nan), np.float64(nan), np.float64(nan), np.float64(nan), np.float64(nan), np.float64(nan), np.float64(nan), np.float64(nan), np.float64(nan), np.float64(nan), np.float64(nan), np.float64(nan), np.float64(nan), np.float64(nan), np.float64(nan), np.float64(nan), np.float64(nan), np.float64(nan), np.float64(nan), np.float64(nan), np.float64(nan), np.float64(nan), np.float64(nan), np.float64(nan), np.float64(nan), np.float64(nan), np.float64(nan), np.float64(nan), np.float64(nan), np.float64(nan), np.float64(nan), np.float64(nan), np.float64(nan), np.float64(nan), np.float64(nan), np.float64(nan), np.float64(nan), np.float64(nan), np.float64(nan), np.float64(nan), np.float64(nan), np.float64(nan), np.float64(nan), np.float64(nan), np.float64(nan), np.float64(nan), np.float64(nan), np.float64(nan), np.float64(nan), np.float64(nan), np.float64(nan), np.float64(nan), np.float64(nan), np.float64(nan), np.float64(nan), np.float64(nan), np.float64(nan), np.float64(nan), np.float64(nan), np.float64(nan), np.float64(nan), np.float64(nan), np.float64(nan), np.float64(nan), np.float64(nan), np.float64(nan), np.float64(nan), np.float64(nan), np.float64(nan), np.float64(nan), np.float64(nan), np.float64(nan), np.float64(nan), np.float64(nan), np.float64(nan), np.float64(nan), np.float64(nan), np.float64(nan), np.float64(nan), np.float64(nan), np.float64(nan), np.float64(nan), np.float64(nan), np.float64(nan), np.float64(nan), np.float64(nan), np.float64(nan), np.float64(nan), np.float64(nan), np.float64(nan), np.float64(nan), np.float64(nan), np.float64(nan), np.float64(nan), np.float64(nan), np.float64(nan), np.float64(nan), np.float64(nan), np.float64(nan)], params=[np.float64(1.0), np.float64(1.0), np.float64(0.0), np.float64(0.0)], fit_error=[np.float64(0.0), np.float64(0.0)])",[-70.  70.],"[np.float64(0.0), np.float64(1.0)]","[np.float64(0.0), np.float64(0.0), np.float64(0.0), np.float64(0.0), np.float64(0.0), np.float64(0.0), np.float64(0.0), np.float64(0.0), np.float64(0.0), np.float64(0.0), np.float64(0.0), np.float64(0.0), np.float64(0.0), np.float64(0.0), np.float64(0.0), np.float64(0.0), np.float64(0.0), np.float64(0.0), np.float64(0.0), np.float64(0.0), np.float64(0.0), np.float64(0.0), np.float64(0.0), np.float64(0.0), np.float64(0.0), np.float64(0.0), np.float64(0.0), np.float64(0.0), np.float64(0.0), np.float64(0.0), np.float64(0.0), np.float64(0.0), np.float64(0.0), np.float64(0.0), np.float64(0.0), np.float64(0.0), np.float64(0.0), np.float64(0.0), np.float64(0.0), np.float64(0.0), np.float64(0.0), np.float64(0.0), np.float64(0.0), np.float64(0.0), np.float64(0.0), np.float64(0.001), np.float64(0.003), np.float64(0.011), np.float64(0.042), np.float64(0.154), np.float64(0.427), np.float64(0.754), np.float64(0.927), np.float64(0.981), np.float64(0.995), np.float64(0.999), np.float64(1.0), np.float64(1.0), np.float64(1.0), np.float64(1.0), np.float64(1.0), np.float64(1.0), np.float64(1.0), np.float64(1.0), np.float64(1.0), np.float64(1.0), np.float64(1.0), np.float64(1.0), np.float64(1.0), np.float64(1.0), np.float64(1.0), np.float64(1.0), np.float64(1.0), np.float64(1.0), np.float64(1.0), np.float64(1.0), np.float64(1.0), np.float64(1.0), np.float64(1.0), np.float64(1.0), np.float64(1.0), np.float64(1.0), np.float64(1.0), np.float64(1.0), np.float64(1.0), np.float64(1.0), np.float64(1.0), np.float64(1.0), np.float64(1.0), np.float64(1.0), np.float64(1.0), np.float64(1.0), np.float64(1.0), np.float64(1.0), np.float64(1.0), np.float64(1.0), np.float64(1.0), np.float64(1.0), np.float64(1.0), np.float64(1.0)]","[np.float64(0.0), np.float64(0.0)]","[np.float64(1.0), np.float64(1.0), np.float64(0.0), np.float64(0.0)]",1.0,1.0,0.0,0.0,
2022-03-31,3,173,334,Bpod6,200,91,109,65,79,80,40,40,42,29,69,30,39,0.4,0.43956043956043955,0.3669724770642202,144,66,78,55,22,33,0.3384615384615385,0.4177215189873418,76,37,39,0.5692307692307692,0.4936708860759494,0.5555555555555556,0.6060606060606061,0.5128205128205128,0.5555555555555556,-0.0932400932400933,0.7636363636363637,0.3815789473684211,0.3820574162679426,0.37809152872444013,0.5314508276533593,56,25,31,0.28,0.27472527472527475,0.28440366972477066,143,65,78,357.5,162.5,195.0,3.0,0,0,0,0.0,,"psych_curve(xdata=array([-70.,  70.]), ydata=[np.float64(0.015), np.float64(1.0)], fit=[np.float64(0.02), np.float64(0.02), np.float64(0.02), np.float64(0.02), np.float64(0.02), np.float64(0.02), np.float64(0.02), np.float64(0.02), np.float64(0.02), np.float64(0.02), np.float64(0.02), np.float64(0.02), np.float64(0.02), np.float64(0.02), np.float64(0.02), np.float64(0.02), np.float64(0.02), np.float64(0.02), np.float64(0.02), np.float64(0.02), np.float64(0.02), np.float64(0.02), np.float64(0.02), np.float64(0.02), np.float64(0.02), np.float64(0.02), np.float64(0.02), np.float64(0.02), np.float64(0.02), np.float64(0.02), np.float64(0.02), np.float64(0.02), np.float64(0.02), np.float64(0.02), np.float64(0.02), np.float64(0.02), np.float64(0.02), np.float64(0.02), np.float64(0.02), np.float64(0.02), np.float64(0.02), np.float64(0.02), np.float64(0.02), np.float64(0.02), np.float64(0.02), np.float64(0.021), np.float64(0.023), np.float64(0.03), np.float64(0.061), np.float64(0.17), np.float64(0.439), np.float64(0.759), np.float64(0.928), np.float64(0.981), np.float64(0.995), np.float64(0.999), np.float64(1.0), np.float64(1.0), np.float64(1.0), np.float64(1.0), np.float64(1.0), np.float64(1.0), np.float64(1.0), np.float64(1.0), np.float64(1.0), np.float64(1.0), np.float64(1.0), np.float64(1.0), np.float64(1.0), np.float64(1.0), np.float64(1.0), np.float64(1.0), np.float64(1.0), np.float64(1.0), np.float64(1.0), np.float64(1.0), np.float64(1.0), np.float64(1.0), np.float64(1.0), np.float64(1.0), np.float64(1.0), np.float64(1.0), np.float64(1.0), np.float64(1.0), np.float64(1.0), np.float64(1.0), np.float64(1.0), np.float64(1.0), np.float64(1.0), np.float64(1.0), np.float64(1.0), np.float64(1.0), np.float64(1.0), np.float64(1.0), np.float64(1.0), np.float64(1.0), np.float64(1.0), np.float64(1.0), np.float64(1.0), np.float64(1.0)], params=[np.float64(1.0), np.float64(1.0), np.float64(0.02), np.float64(-0.0)], fit_error=[np.float64(0.015), np.float64(0.0)])",[-70.  70.],"[np.float64(0.015), np.float64(1.0)]","[np.float64(0.02), np.float64(0.02), np.float64(0.02), np.float64(0.02), np.float64(0.02), np.float64(0.02), np.float64(0.02), np.float64(0.02), np.float64(0.02), np.float64(0.02), np.float64(0.02), np.float64(0.02), np.float64(0.02), np.float64(0.02), np.float64(0.02), np.float64(0.02), np.float64(0.02), np.float64(0.02), np.float64(0.02), np.float64(0.02), np.float64(0.02), np.float64(0.02), np.float64(0.02), np.float64(0.02), np.float64(0.02), np.float64(0.02), np.float64(0.02), np.float64(0.02), np.float64(0.02), np.float64(0.02), np.float64(0.02), np.float64(0.02), np.float64(0.02), np.float64(0.02), np.float64(0.02), np.float64(0.02), np.float64(0.02), np.float64(0.02), np.float64(0.02), np.float64(0.02), np.float64(0.02), np.float64(0.02), np.float64(0.02), np.float64(0.02), np.float64(0.02), np.float64(0.021), np.float64(0.023), np.float64(0.03), np.float64(0.061), np.float64(0.17), np.float64(0.439), np.float64(0.759), np.float64(0.928), np.float64(0.981), np.float64(0.995), np.float64(0.999), np.float64(1.0), np.float64(1.0), np.float64(1.0), np.float64(1.0), np.float64(1.0), np.float64(1.0), np.float64(1.0), np.float64(1.0), np.float64(1.0), np.float64(1.0), np.float64(1.0), np.float64(1.0), np.float64(1.0), np.float64(1.0), np.float64(1.0), np.float64(1.0), np.float64(1.0), np.float64(1.0), np.float64(1.0), np.float64(1.0), np.float64(1.0), np.float64(1.0), np.float64(1.0), np.float64(1.0), np.float64(1.0), np.float64(1.0), np.float64(1.0), np.float64(1.0), np.float64(1.0), np.float64(1.0), np.float64(1.0), np.float64(1.0), np.float64(1.0), np.float64(1.0), np.float64(1.0), np.float64(1.0), np.float64(1.0), np.float64(1.0), np.float64(1.0), np.float64(1.0), np.float64(1.0), np.float64(1.0), np.float64(1.0), np.float64(1.0)]","[np.float64(0.015), np.float64(0.0)]","[np.float64(1.0), np.float64(1.0), np.float64(0.02), np.float64(-0.0)]",1.0,1.0,0.02,-0.0,"psych_curve(xdata=array([-70.,  70.]), ydata=[np.float64(0.0), np.float64(1.0)], fit=[np.float64(nan), np.float64(nan), np.float64(nan), np.float64(nan), np.float64(nan), np.float64(nan), np.float64(nan), np.float64(nan), np.float64(nan), np.float64(nan), np.float64(nan), np.float64(nan), np.float64(nan), np.float64(nan), np.float64(nan), np.float64(nan), np.float64(nan), np.float64(nan), np.float64(nan), np.float64(nan), np.float64(nan), np.float64(nan), np.float64(nan), np.float64(nan), np.float64(nan), np.float64(nan), np.float64(nan), np.float64(nan), np.float64(nan), np.float64(nan), np.float64(nan), np.float64(nan), np.float64(nan), np.float64(nan), np.float64(nan), np.float64(nan), np.float64(nan), np.float64(nan), np.float64(nan), np.float64(nan), np.float64(nan), np.float64(nan), np.float64(nan), np.float64(nan), np.float64(nan), np.float64(nan), np.float64(nan), np.float64(nan), np.float64(nan), np.float64(nan), np.float64(nan), np.float64(nan), np.float64(nan), np.float64(nan), np.float64(nan), np.float64(nan), np.float64(nan), np.float64(nan), np.float64(nan), np.float64(nan), np.float64(nan), np.float64(nan), np.float64(nan), np.float64(nan), np.float64(nan), np.float64(nan), np.float64(nan), np.float64(nan), np.float64(nan), np.float64(nan), np.float64(nan), np.float64(nan), np.float64(nan), np.float64(nan), np.float64(nan), np.float64(nan), np.float64(nan), np.float64(nan), np.float64(nan), np.float64(nan), np.float64(nan), np.float64(nan), np.float64(nan), np.float64(nan), np.float64(nan), np.float64(nan), np.float64(nan), np.float64(nan), np.float64(nan), np.float64(nan), np.float64(nan), np.float64(nan), np.float64(nan), np.float64(nan), np.float64(nan), np.float64(nan), np.float64(nan), np.float64(nan), np.float64(nan), np.float64(nan)], params=[np.float64(1.0), np.float64(1.0), np.float64(0.0), np.float64(0.0)], fit_error=[np.float64(0.0), np.float64(0.0)])",[-70.  70.],"[np.float64(0.015), np.float64(1.0)]","[np.float64(0.02), np.float64(0.02), np.float64(0.02), np.float64(0.02), np.float64(0.02), np.float64(0.02), np.float64(0.02), np.float64(0.02), np.float64(0.02), np.float64(0.02), np.float64(0.02), np.float64(0.02), np.float64(0.02), np.float64(0.02), np.float64(0.02), np.float64(0.02), np.float64(0.02), np.float64(0.02), np.float64(0.02), np.float64(0.02), np.float64(0.02), np.float64(0.02), np.float64(0.02), np.float64(0.02), np.float64(0.02), np.float64(0.02), np.float64(0.02), np.float64(0.02), np.float64(0.02), np.float64(0.02), np.float64(0.02), np.float64(0.02), np.float64(0.02), np.float64(0.02), np.float64(0.02), np.float64(0.02), np.float64(0.02), np.float64(0.02), np.float64(0.02), np.float64(0.02), np.float64(0.02), np.float64(0.02), np.float64(0.02), np.float64(0.02), np.float64(0.02), np.float64(0.021), np.float64(0.023), np.float64(0.03), np.float64(0.061), np.float64(0.17), np.float64(0.439), np.float64(0.759), np.float64(0.928), np.float64(0.981), np.float64(0.995), np.float64(0.999), np.float64(1.0), np.float64(1.0), np.float64(1.0), np.float64(1.0), np.float64(1.0), np.float64(1.0), np.float64(1.0), np.float64(1.0), np.float64(1.0), np.float64(1.0), np.float64(1.0), np.float64(1.0), np.float64(1.0), np.float64(1.0), np.float64(1.0), np.float64(1.0), np.float64(1.0), np.float64(1.0), np.float64(1.0), np.float64(1.0), np.float64(1.0), np.float64(1.0), np.float64(1.0), np.float64(1.0), np.float64(1.0), np.float64(1.0), np.float64(1.0), np.float64(1.0), np.float64(1.0), np.float64(1.0), np.float64(1.0), np.float64(1.0), np.float64(1.0), np.float64(1.0), np.float64(1.0), np.float64(1.0), np.float64(1.0), np.float64(1.0), np.float64(1.0), np.float64(1.0), np.float64(1.0), np.float64(1.0), np.float64(1.0), np.float64(1.0)]","[np.float64(0.015), np.float64(0.0)]","[np.float64(1.0), np.float64(1.0), np.float64(0.0), np.float64(0.0)]",1.0,1.0,0.0,0.0,
2022-04-01,4,174,334,Bpod6,70,31,39,4,6,10,4,6,6,3,0,0,0,0.14285714285714285,0.12903225806451613,0.15384615384615385,10,4,6,6,2,4,0.5,0.6666666666666666,3,1,2,0.25,0.3333333333333333,1.0,1.0,1.0,1.0,0.0,1.0,1.0,0.0,0.5833333333333333,0.29166666666666663,60,27,33,0.8571428571428571,0.8709677419354839,0.8461538461538461,10,4,6,25.0,10.0,15.0,3.0,0,0,0,0.0,,"psych_curve(xdata=array([-70.,  70.]), ydata=[np.float64(0.0), np.float64(1.0)], fit=[np.float64(0.0), np.float64(0.0), np.float64(0.0), np.float64(0.0), np.float64(0.0), np.float64(0.0), np.float64(0.0), np.float64(0.0), np.float64(0.0), np.float64(0.0), np.float64(0.0), np.float64(0.0), np.float64(0.0), np.float64(0.0), np.float64(0.0), np.float64(0.0), np.float64(0.0), np.float64(0.0), np.float64(0.0), np.float64(0.0), np.float64(0.0), np.float64(0.0), np.float64(0.0), np.float64(0.0), np.float64(0.0), np.float64(0.0), np.float64(0.0), np.float64(0.0), np.float64(0.0), np.float64(0.0), np.float64(0.0), np.float64(0.0), np.float64(0.0), np.float64(0.0), np.float64(0.0), np.float64(0.0), np.float64(0.0), np.float64(0.0), np.float64(0.0), np.float64(0.0), np.float64(0.0), np.float64(0.0), np.float64(0.0), np.float64(0.0), np.float64(0.0), np.float64(0.001), np.float64(0.003), np.float64(0.011), np.float64(0.042), np.float64(0.154), np.float64(0.427), np.float64(0.754), np.float64(0.927), np.float64(0.981), np.float64(0.995), np.float64(0.999), np.float64(1.0), np.float64(1.0), np.float64(1.0), np.float64(1.0), np.float64(1.0), np.float64(1.0), np.float64(1.0), np.float64(1.0), np.float64(1.0), np.float64(1.0), np.float64(1.0), np.float64(1.0), np.float64(1.0), np.float64(1.0), np.float64(1.0), np.float64(1.0), np.float64(1.0), np.float64(1.0), np.float64(1.0), np.float64(1.0), np.float64(1.0), np.float64(1.0), np.float64(1.0), np.float64(1.0), np.float64(1.0), np.float64(1.0), np.float64(1.0), np.float64(1.0), np.float64(1.0), np.float64(1.0), np.float64(1.0), np.float64(1.0), np.float64(1.0), np.float64(1.0), np.float64(1.0), np.float64(1.0), np.float64(1.0), np.float64(1.0), np.float64(1.0), np.float64(1.0), np.float64(1.0), np.float64(1.0), np.float64(1.0), np.float64(1.0)], params=[np.float64(1.0), np.float64(1.0), np.float64(0.0), np.float64(0.0)], fit_error=[np.float64(0.0), np.float64(0.0)])",[-70.  70.],"[np.float64(0.0), np.float64(1.0)]","[np.float64(0.0), np.float64(0.0), np.float64(0.0), np.float64(0.0), np.float64(0.0), np.float64(0.0), np.float64(0.0), np.float64(0.0), np.float64(0.0), np.float64(0.0), np.float64(0.0), np.float64(0.0), np.float64(0.0), np.float64(0.0), np.float64(0.0), np.float64(0.0), np.float64(0.0), np.float64(0.0), np.float64(0.0), np.float64(0.0), np.float64(0.0), np.float64(0.0), np.float64(0.0), np.float64(0.0), np.float64(0.0), np.float64(0.0), np.float64(0.0), np.float64(0.0), np.float64(0.0), np.float64(0.0), np.float64(0.0), np.float64(0.0), np.float64(0.0), np.float64(0.0), np.float64(0.0), np.float64(0.0), np.float64(0.0), np.float64(0.0), np.float64(0.0), np.float64(0.0), np.float64(0.0), np.float64(0.0), np.float64(0.0), np.float64(0.0), np.float64(0.0), np.float64(0.001), np.float64(0.003), np.float64(0.011), np.float64(0.042), np.float64(0.154), np.float64(0.427), np.float64(0.754), np.float64(0.927), np.float64(0.981), np.float64(0.995), np.float64(0.999), np.float64(1.0), np.float64(1.0), np.float64(1.0), np.float64(1.0), np.float64(1.0), np.float64(1.0), np.float64(1.0), np.float64(1.0), np.float64(1.0), np.float64(1.0), np.float64(1.0), np.float64(1.0), np.float64(1.0), np.float64(1.0), np.float64(1.0), np.float64(1.0), np.float64(1.0), np.float64(1.0), np.float64(1.0), np.float64(1.0), np.float64(1.0), np.float64(1.0), np.float64(1.0), np.float64(1.0), np.float64(1.0), np.float64(1.0), np.float64(1.0), np.float64(1.0), np.float64(1.0), np.float64(1.0), np.float64(1.0), np.float64(1.0), np.float64(1.0), np.float64(1.0), np.float64(1.0), np.float64(1.0), np.float64(1.0), np.float64(1.0), np.float64(1.0), np.float64(1.0), np.float64(1.0), np.float64(1.0), np.float64(1.0), np.float64(1.0)]","[np.float64(0.0), np.float64(0.0)]","[np.float64(1.0), np.float64(1.0), np.float64(0.0), np.float64(0.0)]",1.0,1.0,0.0,0.0,"psych_curve(xdata=array([-70.,  70.]), ydata=[np.float64(0.0), np.float64(1.0)], fit=[np.float64(nan), np.float64(nan), np.float64(nan), np.float64(nan), np.float64(nan), np.float64(nan), np.float64(nan), np.float64(nan), np.float64(nan), np.float64(nan), np.float64(nan), np.float64(nan), np.float64(nan), np.float64(nan), np.float64(nan), np.float64(nan), np.float64(nan), np.float64(nan), np.float64(nan), np.float64(nan), np.float64(nan), np.float64(nan), np.float64(nan), np.float64(nan), np.float64(nan), np.float64(nan), np.float64(nan), np.float64(nan), np.float64(nan), np.float64(nan), np.float64(nan), np.float64(nan), np.float64(nan), np.float64(nan), np.float64(nan), np.float64(nan), np.float64(nan), np.float64(nan), np.float64(nan), np.float64(nan), np.float64(nan), np.float64(nan), np.float64(nan), np.float64(nan), np.float64(nan), np.float64(nan), np.float64(nan), np.float64(nan), np.float64(nan), np.float64(nan), np.float64(nan), np.float64(nan), np.float64(nan), np.float64(nan), np.float64(nan), np.float64(nan), np.float64(nan), np.float64(nan), np.float64(nan), np.float64(nan), np.float64(nan), np.float64(nan), np.float64(nan), np.float64(nan), np.float64(nan), np.float64(nan), np.float64(nan), np.float64(nan), np.float64(nan), np.float64(nan), np.float64(nan), np.float64(nan), np.float64(nan), np.float64(nan), np.float64(nan), np.float64(nan), np.float64(nan), np.float64(nan), np.float64(nan), np.float64(nan), np.float64(nan), np.float64(nan), np.float64(nan), np.float64(nan), np.float64(nan), np.float64(nan), np.float64(nan), np.float64(nan), np.float64(nan), np.float64(nan), np.float64(nan), np.float64(nan), np.float64(nan), np.float64(nan), np.float64(nan), np.float64(nan), np.float64(nan), np.float64(nan), np.float64(nan), np.float64(nan)], params=[np.float64(1.0), np.float64(1.0), np.float64(0.0), np.float64(0.0)], fit_error=[np.float64(0.0), np.float64(0.0)])",[-70.  70.],"[np.float64(0.0), np.float64(1.0)]","[np.float64(0.0), np.float64(0.0), np.float64(0.0), np.float64(0.0), np.float64(0.0), np.float64(0.0), np.float64(0.0), np.float64(0.0), np.float64(0.0), np.float64(0.0), np.float64(0.0), np.float64(0.0), np.float64(0.0), np.float64(0.0), np.float64(0.0), np.float64(0.0), np.float64(0.0), np.float64(0.0), np.float64(0.0), np.float64(0.0), np.float64(0.0), np.float64(0.0), np.float64(0.0), np.float64(0.0), np.float64(0.0), np.float64(0.0), np.float64(0.0), np.float64(0.0), np.float64(0.0), np.float64(0.0), np.float64(0.0), np.float64(0.0), np.float64(0.0), np.float64(0.0), np.float64(0.0), np.float64(0.0), np.float64(0.0), np.float64(0.0), np.float64(0.0), np.float64(0.0), np.float64(0.0), np.float64(0.0), np.float64(0.0), np.float64(0.0), np.float64(0.0), np.float64(0.001), np.float64(0.003), np.float64(0.011), np.float64(0.042), np.float64(0.154), np.float64(0.427), np.float64(0.754), np.float64(0.927), np.float64(0.981), np.float64(0.995), np.float64(0.999), np.float64(1.0), np.float64(1.0), np.float64(1.0), np.float64(1.0), np.float64(1.0), np.float64(1.0), np.float64(1.0), np.float64(1.0), np.float64(1.0), np.float64(1.0), np.float64(1.0), np.float64(1.0), np.float64(1.0), np.float64(1.0), np.float64(1.0), np.float64(1.0), np.float64(1.0), np.float64(1.0), np.float64(1.0), np.float64(1.0), np.float64(1.0), np.float64(1.0), np.float64(1.0), np.float64(1.0), np.float64(1.0), np.float64(1.0), np.float64(1.0), np.float64(1.0), np.float64(1.0), np.float64(1.0), np.float64(1.0), np.float64(1.0), np.float64(1.0), np.float64(1.0), np.float64(1.0), np.float64(1.0), np.float64(1.0), np.float64(1.0), np.float64(1.0), np.float64(1.0), np.float64(1.0), np.float64(1.0), np.float64(1.0), np.float64(1.0)]","[np.float64(0.0), np.float64(0.0)]","[np.float64(1.0), np.float64(1.0), np.float64(0.0), np.float64(0.0)]",1.0,1.0,0.0,0.0,
2022-04-04,0,177,334,Bpod6,116,59,57,3,7,10,3,7,6,1,2,1,1,0.08620689655172414,0.05084745762711865,0.12280701754385964,10,3,7,6,2,4,0.6666666666666666,0.5714285714285714,1,2,1,,0.14285714285714285,1.0,1.0,1.0,1.0,0.0,1.0,1.0,0.0,0.6190476190476191,,106,56,50,0.9137931034482759,0.9491525423728814,0.8771929824561403,10,3,7,25.0,7.5,17.5,3.0,0,0,0,0.0,,"psych_curve(xdata=array([-70.,  70.]), ydata=[np.float64(0.0), np.float64(1.0)], fit=[np.float64(0.0), np.float64(0.0), np.float64(0.0), np.float64(0.0), np.float64(0.0), np.float64(0.0), np.float64(0.0), np.float64(0.0), np.float64(0.0), np.float64(0.0), np.float64(0.0), np.float64(0.0), np.float64(0.0), np.float64(0.0), np.float64(0.0), np.float64(0.0), np.float64(0.0), np.float64(0.0), np.float64(0.0), np.float64(0.0), np.float64(0.0), np.float64(0.0), np.float64(0.0), np.float64(0.0), np.float64(0.0), np.float64(0.0), np.float64(0.0), np.float64(0.0), np.float64(0.0), np.float64(0.0), np.float64(0.0), np.float64(0.0), np.float64(0.0), np.float64(0.0), np.float64(0.0), np.float64(0.0), np.float64(0.0), np.float64(0.0), np.float64(0.0), np.float64(0.0), np.float64(0.0), np.float64(0.0), np.float64(0.0), np.float64(0.0), np.float64(0.0), np.float64(0.001), np.float64(0.003), np.float64(0.011), np.float64(0.042), np.float64(0.154), np.float64(0.427), np.float64(0.754), np.float64(0.927), np.float64(0.981), np.float64(0.995), np.float64(0.999), np.float64(1.0), np.float64(1.0), np.float64(1.0), np.float64(1.0), np.float64(1.0), np.float64(1.0), np.float64(1.0), np.float64(1.0), np.float64(1.0), np.float64(1.0), np.float64(1.0), np.float64(1.0), np.float64(1.0), np.float64(1.0), np.float64(1.0), np.float64(1.0), np.float64(1.0), np.float64(1.0), np.float64(1.0), np.float64(1.0), np.float64(1.0), np.float64(1.0), np.float64(1.0), np.float64(1.0), np.float64(1.0), np.float64(1.0), np.float64(1.0), np.float64(1.0), np.float64(1.0), np.float64(1.0), np.float64(1.0), np.float64(1.0), np.float64(1.0), np.float64(1.0), np.float64(1.0), np.float64(1.0), np.float64(1.0), np.float64(1.0), np.float64(1.0), np.float64(1.0), np.float64(1.0), np.float64(1.0), np.float64(1.0), np.float64(1.0)], params=[np.float64(1.0), np.float64(1.0), np.float64(0.0), np.float64(0.0)], fit_error=[np.float64(0.0), np.float64(0.0)])",[-70.  70.],"[np.float64(0.0), np.float64(1.0)]","[np.float64(0.0), np.float64(0.0), np.float64(0.0), np.float64(0.0), np.float64(0.0), np.float64(0.0), np.float64(0.0), np.float64(0.0), np.float64(0.0), np.float64(0.0), np.float64(0.0), np.float64(0.0), np.float64(0.0), np.float64(0.0), np.float64(0.0), np.float64(0.0), np.float64(0.0), np.float64(0.0), np.float64(0.0), np.float64(0.0), np.float64(0.0), np.float64(0.0), np.float64(0.0), np.float64(0.0), np.float64(0.0), np.float64(0.0), np.float64(0.0), np.float64(0.0), np.float64(0.0), np.float64(0.0), np.float64(0.0), np.float64(0.0), np.float64(0.0), np.float64(0.0), np.float64(0.0), np.float64(0.0), np.float64(0.0), np.float64(0.0), np.float64(0.0), np.float64(0.0), np.float64(0.0), np.float64(0.0), np.float64(0.0), np.float64(0.0), np.float64(0.0), np.float64(0.001), np.float64(0.003), np.float64(0.011), np.float64(0.042), np.float64(0.154), np.float64(0.427), np.float64(0.754), np.float64(0.927), np.float64(0.981), np.float64(0.995), np.float64(0.999), np.float64(1.0), np.float64(1.0), np.float64(1.0), np.float64(1.0), np.float64(1.0), np.float64(1.0), np.float64(1.0), np.float64(1.0), np.float64(1.0), np.float64(1.0), np.float64(1.0), np.float64(1.0), np.float64(1.0), np.float64(1.0), np.float64(1.0), np.float64(1.0), np.float64(1.0), np.float64(1.0), np.float64(1.0), np.float64(1.0), np.float64(1.0), np.float64(1.0), np.float64(1.0), np.float64(1.0), np.float64(1.0), np.float64(1.0), np.float64(1.0), np.float64(1.0), np.float64(1.0), np.float64(1.0), np.float64(1.0), np.float64(1.0), np.float64(1.0), np.float64(1.0), np.float64(1.0), np.float64(1.0), np.float64(1.0), np.float64(1.0), np.float64(1.0), np.float64(1.0), np.float64(1.0), np.float64(1.0), np.float64(1.0), np.float64(1.0)]","[np.float64(0.0), np.float64(0.0)]","[np.float64(1.0), np.float64(1.0), np.float64(0.0), np.float64(0.0)]",1.0,1.0,0.0,0.0,"psych_curve(xdata=array([-70.,  70.]), ydata=[np.float64(0.0), np.float64(1.0)], fit=[np.float64(nan), np.float64(nan), np.float64(nan), np.float64(nan), np.float64(nan), np.float64(nan), np.float64(nan), np.float64(nan), np.float64(nan), np.float64(nan), np.float64(nan), np.float64(nan), np.float64(nan), np.float64(nan), np.float64(nan), np.float64(nan), np.float64(nan), np.float64(nan), np.float64(nan), np.float64(nan), np.float64(nan), np.float64(nan), np.float64(nan), np.float64(nan), np.float64(nan), np.float64(nan), np.float64(nan), np.float64(nan), np.float64(nan), np.float64(nan), np.float64(nan), np.float64(nan), np.float64(nan), np.float64(nan), np.float64(nan), np.float64(nan), np.float64(nan), np.float64(nan), np.float64(nan), np.float64(nan), np.float64(nan), np.float64(nan), np.float64(nan), np.float64(nan), np.float64(nan), np.float64(nan), np.float64(nan), np.float64(nan), np.float64(nan), np.float64(nan), np.float64(nan), np.float64(nan), np.float64(nan), np.float64(nan), np.float64(nan), np.float64(nan), np.float64(nan), np.float64(nan), np.float64(nan), np.float64(nan), np.float64(nan), np.float64(nan), np.float64(nan), np.float64(nan), np.float64(nan), np.float64(nan), np.float64(nan), np.float64(nan), np.float64(nan), np.float64(nan), np.float64(nan), np.float64(nan), np.float64(nan), np.float64(nan), np.float64(nan), np.float64(nan), np.float64(nan), np.float64(nan), np.float64(nan), np.float64(nan), np.float64(nan), np.float64(nan), np.float64(nan), np.float64(nan), np.float64(nan), np.float64(nan), np.float64(nan), np.float64(nan), np.float64(nan), np.float64(nan), np.float64(nan), np.float64(nan), np.float64(nan), np.float64(nan), np.float64(nan), np.float64(nan), np.float64(nan), np.float64(nan), np.float64(nan), np.float64(nan)], params=[np.float64(1.0), np.float64(1.0), np.float64(0.0), np.float64(0.0)], fit_error=[np.float64(nan), np.float64(0.0)])",[-70.  70.],"[np.float64(0.0), np.float64(1.0)]","[np.float64(0.0), np.float64(0.0), np.float64(0.0), np.float64(0.0), np.float64(0.0), np.float64(0.0), np.float64(0.0), np.float64(0.0), np.float64(0.0), np.float64(0.0), np.float64(0.0), np.float64(0.0), np.float64(0.0), np.float64(0.0), np.float64(0.0), np.float64(0.0), np.float64(0.0), np.float64(0.0), np.float64(0.0), np.float64(0.0), np.float64(0.0), np.float64(0.0), np.float64(0.0), np.float64(0.0), np.float64(0.0), np.float64(0.0), np.float64(0.0), np.float64(0.0), np.float64(0.0), np.float64(0.0), np.float64(0.0), np.float64(0.0), np.float64(0.0), np.float64(0.0), np.float64(0.0), np.float64(0.0), np.float64(0.0), np.float64(0.0), np.float64(0.0), np.float64(0.0), np.float64(0.0), np.float64(0.0), np.float64(0.0), np.float64(0.0), np.float64(0.0), np.float64(0.001), np.float64(0.003), np.float64(0.011), np.float64(0.042), np.float64(0.154), np.float64(0.427), np.float64(0.754), np.float64(0.927), np.float64(0.981), np.float64(0.995), np.float64(0.999), np.float64(1.0), np.float64(1.0), np.float64(1.0), np.float64(1.0), np.float64(1.0), np.float64(1.0), np.float64(1.0), np.float64(1.0), np.float64(1.0), np.float64(1.0), np.float64(1.0), np.float64(1.0), np.float64(1.0), np.float64(1.0), np.float64(1.0), np.float64(1.0), np.float64(1.0), np.float64(1.0), np.float64(1.0), np.float64(1.0), np.float64(1.0), np.float64(1.0), np.float64(1.0), np.float64(1.0), np.float64(1.0), np.float64(1.0), np.float64(1.0), np.float64(1.0), np.float64(1.0), np.float64(1.0), np.float64(1.0), np.float64(1.0), np.float64(1.0), np.float64(1.0), np.float64(1.0), np.float64(1.0), np.float64(1.0), np.float64(1.0), np.float64(1.0), np.float64(1.0), np.float64(1.0), np.float64(1.0), np.float64(1.0), np.float64(1.0)]","[np.float64(0.0), np.float64(0.0)]","[np.float64(1.0), np.float64(1.0), np.float64(0.0), np.float64(0.0)]",1.0,1.0,0.0,0.0,
2022-04-05,1,178,334,Bpod6,131,69,62,4,11,14,3,11,7,5,3,3,0,0.10687022900763359,0.043478260869565216,0.1774193548387097,15,4,11,7,0,7,0.0,0.6363636363636364,5,1,3,0.5,0.2727272727272727,0.9333333333333333,0.75,1.0,0.9333333333333333,0.25,1.0,1.0,0.0,0.3181818181818182,0.38636363636363635,116,65,51,0.8854961832061069,0.9420289855072463,0.8225806451612904,15,4,11,37.5,10.0,27.5,3.0,0,0,0,0.0,,"psych_curve(xdata=array([-70.,  70.]), ydata=[np.float64(0.0), np.float64(1.0)], fit=[np.float64(0.0), np.float64(0.0), np.float64(0.0), np.float64(0.0), np.float64(0.0), np.float64(0.0), np.float64(0.0), np.float64(0.0), np.float64(0.0), np.float64(0.0), np.float64(0.0), np.float64(0.0), np.float64(0.0), np.float64(0.0), np.float64(0.0), np.float64(0.0), np.float64(0.0), np.float64(0.0), np.float64(0.0), np.float64(0.0), np.float64(0.0), np.float64(0.0), np.float64(0.0), np.float64(0.0), np.float64(0.0), np.float64(0.0), np.float64(0.0), np.float64(0.0), np.float64(0.0), np.float64(0.0), np.float64(0.0), np.float64(0.0), np.float64(0.0), np.float64(0.0), np.float64(0.0), np.float64(0.0), np.float64(0.0), np.float64(0.0), np.float64(0.0), np.float64(0.0), np.float64(0.0), np.float64(0.0), np.float64(0.0), np.float64(0.0), np.float64(0.0), np.float64(0.001), np.float64(0.003), np.float64(0.011), np.float64(0.042), np.float64(0.154), np.float64(0.427), np.float64(0.754), np.float64(0.927), np.float64(0.981), np.float64(0.995), np.float64(0.999), np.float64(1.0), np.float64(1.0), np.float64(1.0), np.float64(1.0), np.float64(1.0), np.float64(1.0), np.float64(1.0), np.float64(1.0), np.float64(1.0), np.float64(1.0), np.float64(1.0), np.float64(1.0), np.float64(1.0), np.float64(1.0), np.float64(1.0), np.float64(1.0), np.float64(1.0), np.float64(1.0), np.float64(1.0), np.float64(1.0), np.float64(1.0), np.float64(1.0), np.float64(1.0), np.float64(1.0), np.float64(1.0), np.float64(1.0), np.float64(1.0), np.float64(1.0), np.float64(1.0), np.float64(1.0), np.float64(1.0), np.float64(1.0), np.float64(1.0), np.float64(1.0), np.float64(1.0), np.float64(1.0), np.float64(1.0), np.float64(1.0), np.float64(1.0), np.float64(1.0), np.float64(1.0), np.float64(1.0), np.float64(1.0), np.float64(1.0)], params=[np.float64(1.0), np.float64(1.0), np.float64(0.0), np.float64(0.0)], fit_error=[np.float64(0.0), np.float64(0.0)])",[-70.  70.],"[np.float64(0.0), np.float64(1.0)]","[np.float64(0.0), np.float64(0.0), np.float64(0.0), np.float64(0.0), np.float64(0.0), np.float64(0.0), np.float64(0.0), np.float64(0.0), np.float64(0.0), np.float64(0.0), np.float64(0.0), np.float64(0.0), np.float64(0.0), np.float64(0.0), np.float64(0.0), np.float64(0.0), np.float64(0.0), np.float64(0.0), np.float64(0.0), np.float64(0.0), np.float64(0.0), np.float64(0.0), np.float64(0.0), np.float64(0.0), np.float64(0.0), np.float64(0.0), np.float64(0.0), np.float64(0.0), np.float64(0.0), np.float64(0.0), np.float64(0.0), np.float64(0.0), np.float64(0.0), np.float64(0.0), np.float64(0.0), np.float64(0.0), np.float64(0.0), np.float64(0.0), np.float64(0.0), np.float64(0.0), np.float64(0.0), np.float64(0.0), np.float64(0.0), np.float64(0.0), np.float64(0.0), np.float64(0.001), np.float64(0.003), np.float64(0.011), np.float64(0.042), np.float64(0.154), np.float64(0.427), np.float64(0.754), np.float64(0.927), np.float64(0.981), np.float64(0.995), np.float64(0.999), np.float64(1.0), np.float64(1.0), np.float64(1.0), np.float64(1.0), np.float64(1.0), np.float64(1.0), np.float64(1.0), np.float64(1.0), np.float64(1.0), np.float64(1.0), np.float64(1.0), np.float64(1.0), np.float64(1.0), np.float64(1.0), np.float64(1.0), np.float64(1.0), np.float64(1.0), np.float64(1.0), np.float64(1.0), np.float64(1.0), np.float64(1.0), np.float64(1.0), np.float64(1.0), np.float64(1.0), np.float64(1.0), np.float64(1.0), np.float64(1.0), np.float64(1.0), np.float64(1.0), np.float64(1.0), np.float64(1.0), np.float64(1.0), np.float64(1.0), np.float64(1.0), np.float64(1.0), np.float64(1.0), np.float64(1.0), np.float64(1.0), np.float64(1.0), np.float64(1.0), np.float64(1.0), np.float64(1.0), np.float64(1.0), np.float64(1.0)]","[np.float64(0.0), np.float64(0.0)]","[np.float64(1.0), np.float64(1.0), np.float64(0.0), np.float64(0.0)]",1.0,1.0,0.0,0.0,"psych_curve(xdata=array([-70.,  70.]), ydata=[np.float64(0.0), np.float64(1.0)], fit=[np.float64(nan), np.float64(nan), np.float64(nan), np.float64(nan), np.float64(nan), np.float64(nan), np.float64(nan), np.float64(nan), np.float64(nan), np.float64(nan), np.float64(nan), np.float64(nan), np.float64(nan), np.float64(nan), np.float64(nan), np.float64(nan), np.float64(nan), np.float64(nan), np.float64(nan), np.float64(nan), np.float64(nan), np.float64(nan), np.float64(nan), np.float64(nan), np.float64(nan), np.float64(nan), np.float64(nan), np.float64(nan), np.float64(nan), np.float64(nan), np.float64(nan), np.float64(nan), np.float64(nan), np.float64(nan), np.float64(nan), np.float64(nan), np.float64(nan), np.float64(nan), np.float64(nan), np.float64(nan), np.float64(nan), np.float64(nan), np.float64(nan), np.float64(nan), np.float64(nan), np.float64(nan), np.float64(nan), np.float64(nan), np.float64(nan), np.float64(nan), np.float64(nan), np.float64(nan), np.float64(nan), np.float64(nan), np.float64(nan), np.float64(nan), np.float64(nan), np.float64(nan), np.float64(nan), np.float64(nan), np.float64(nan), np.float64(nan), np.float64(nan), np.float64(nan), np.float64(nan), np.float64(nan), np.float64(nan), np.float64(nan), np.float64(nan), np.float64(nan), np.float64(nan), np.float64(nan), np.float64(nan), np.float64(nan), np.float64(nan), np.float64(nan), np.float64(nan), np.float64(nan), np.float64(nan), np.float64(nan), np.float64(nan), np.float64(nan), np.float64(nan), np.float64(nan), np.float64(nan), np.float64(nan), np.float64(nan), np.float64(nan), np.float64(nan), np.float64(nan), np.float64(nan), np.float64(nan), np.float64(nan), np.float64(nan), np.float64(nan), np.float64(nan), np.float64(nan), np.float64(nan), np.float64(nan), np.float64(nan)], params=[np.float64(1.0), np.float64(1.0), np.float64(0.0), np.float64(0.0)], fit_error=[np.float64(0.0), np.float64(0.0)])",[-70.  70.],"[np.float64(0.0), np.float64(1.0)]","[np.float64(0.0), np.float64(0.0), np.float64(0.0), np.float64(0.0), np.float64(0.0), np.float64(0.0), np.float64(0.0), np.float64(0.0), np.float64(0.0), np.float64(0.0), np.float64(0.0), np.float64(0.0), np.float64(0.0), np.float64(0.0), np.float64(0.0), np.float64(0.0), np.float64(0.0), np.float64(0.0), np.float64(0.0), np.float64(0.0), np.float64(0.0), np.float64(0.0), np.float64(0.0), np.float64(0.0), np.float64(0.0), np.float64(0.0), np.float64(0.0), np.float64(0.0), np.float64(0.0), np.float64(0.0), np.float64(0.0), np.float64(0.0), np.float64(0.0), np.float64(0.0), np.float64(0.0), np.float64(0.0), np.float64(0.0), np.float64(0.0), np.float64(0.0), np.float64(0.0), np.float64(0.0), np.float64(0.0), np.float64(0.0), np.float64(0.0), np.float64(0.0), np.float64(0.001), np.float64(0.003), np.float64(0.011), np.float64(0.042), np.float64(0.154), np.float64(0.427), np.float64(0.754), np.float64(0.927), np.float64(0.981), np.float64(0.995), np.float64(0.999), np.float64(1.0), np.float64(1.0), np.float64(1.0), np.float64(1.0), np.float64(1.0), np.float64(1.0), np.float64(1.0), np.float64(1.0), np.float64(1.0), np.float64(1.0), np.float64(1.0), np.float64(1.0), np.float64(1.0), np.float64(1.0), np.float64(1.0), np.float64(1.0), np.float64(1.0), np.float64(1.0), np.float64(1.0), np.float64(1.0), np.float64(1.0), np.float64(1.0), np.float64(1.0), np.float64(1.0), np.float64(1.0), np.float64(1.0), np.float64(1.0), np.float64(1.0), np.float64(1.0), np.float64(1.0), np.float64(1.0), np.float64(1.0), np.float64(1.0), np.float64(1.0), np.float64(1.0), np.float64(1.0), np.float64(1.0), np.float64(1.0), np.float64(1.0), np.float64(1.0), np.float64(1.0), np.float64(1.0), np.float64(1.0), np.float64(1.0)]","[np.float64(0.0), np.float64(0.0)]","[np.float64(1.0), np.float64(1.0), np.float64(0.0), np.float64(0.0)]",1.0,1.0,0.0,0.0,
2022-04-06,2,179,334,Bpod6,107,47,60,8,2,10,8,2,6,3,0,0,0,0.09345794392523364,0.1702127659574468,0.03333333333333333,10,8,2,6,6,0,0.75,0.0,3,1,2,0.125,1.0,1.0,1.0,1.0,1.0,0.0,1.0,1.0,0.0,0.375,0.5625,97,39,58,0.9065420560747663,0.8297872340425532,0.9666666666666667,10,8,2,25.0,20.0,5.0,3.0,0,0,0,0.0,,"psych_curve(xdata=array([-70.,  70.]), ydata=[np.float64(0.0), np.float64(1.0)], fit=[np.float64(0.0), np.float64(0.0), np.float64(0.0), np.float64(0.0), np.float64(0.0), np.float64(0.0), np.float64(0.0), np.float64(0.0), np.float64(0.0), np.float64(0.0), np.float64(0.0), np.float64(0.0), np.float64(0.0), np.float64(0.0), np.float64(0.0), np.float64(0.0), np.float64(0.0), np.float64(0.0), np.float64(0.0), np.float64(0.0), np.float64(0.0), np.float64(0.0), np.float64(0.0), np.float64(0.0), np.float64(0.0), np.float64(0.0), np.float64(0.0), np.float64(0.0), np.float64(0.0), np.float64(0.0), np.float64(0.0), np.float64(0.0), np.float64(0.0), np.float64(0.0), np.float64(0.0), np.float64(0.0), np.float64(0.0), np.float64(0.0), np.float64(0.0), np.float64(0.0), np.float64(0.0), np.float64(0.0), np.float64(0.0), np.float64(0.0), np.float64(0.0), np.float64(0.001), np.float64(0.003), np.float64(0.011), np.float64(0.042), np.float64(0.154), np.float64(0.427), np.float64(0.754), np.float64(0.927), np.float64(0.981), np.float64(0.995), np.float64(0.999), np.float64(1.0), np.float64(1.0), np.float64(1.0), np.float64(1.0), np.float64(1.0), np.float64(1.0), np.float64(1.0), np.float64(1.0), np.float64(1.0), np.float64(1.0), np.float64(1.0), np.float64(1.0), np.float64(1.0), np.float64(1.0), np.float64(1.0), np.float64(1.0), np.float64(1.0), np.float64(1.0), np.float64(1.0), np.float64(1.0), np.float64(1.0), np.float64(1.0), np.float64(1.0), np.float64(1.0), np.float64(1.0), np.float64(1.0), np.float64(1.0), np.float64(1.0), np.float64(1.0), np.float64(1.0), np.float64(1.0), np.float64(1.0), np.float64(1.0), np.float64(1.0), np.float64(1.0), np.float64(1.0), np.float64(1.0), np.float64(1.0), np.float64(1.0), np.float64(1.0), np.float64(1.0), np.float64(1.0), np.float64(1.0), np.float64(1.0)], params=[np.float64(1.0), np.float64(1.0), np.float64(0.0), np.float64(0.0)], fit_error=[np.float64(0.0), np.float64(0.0)])",[-70.  70.],"[np.float64(0.0), np.float64(1.0)]","[np.float64(0.0), np.float64(0.0), np.float64(0.0), np.float64(0.0), np.float64(0.0), np.float64(0.0), np.float64(0.0), np.float64(0.0), np.float64(0.0), np.float64(0.0), np.float64(0.0), np.float64(0.0), np.float64(0.0), np.float64(0.0), np.float64(0.0), np.float64(0.0), np.float64(0.0), np.float64(0.0), np.float64(0.0), np.float64(0.0), np.float64(0.0), np.float64(0.0), np.float64(0.0), np.float64(0.0), np.float64(0.0), np.float64(0.0), np.float64(0.0), np.float64(0.0), np.float64(0.0), np.float64(0.0), np.float64(0.0), np.float64(0.0), np.float64(0.0), np.float64(0.0), np.float64(0.0), np.float64(0.0), np.float64(0.0), np.float64(0.0), np.float64(0.0), np.float64(0.0), np.float64(0.0), np.float64(0.0), np.float64(0.0), np.float64(0.0), np.float64(0.0), np.float64(0.001), np.float64(0.003), np.float64(0.011), np.float64(0.042), np.float64(0.154), np.float64(0.427), np.float64(0.754), np.float64(0.927), np.float64(0.981), np.float64(0.995), np.float64(0.999), np.float64(1.0), np.float64(1.0), np.float64(1.0), np.float64(1.0), np.float64(1.0), np.float64(1.0), np.float64(1.0), np.float64(1.0), np.float64(1.0), np.float64(1.0), np.float64(1.0), np.float64(1.0), np.float64(1.0), np.float64(1.0), np.float64(1.0), np.float64(1.0), np.float64(1.0), np.float64(1.0), np.float64(1.0), np.float64(1.0), np.float64(1.0), np.float64(1.0), np.float64(1.0), np.float64(1.0), np.float64(1.0), np.float64(1.0), np.float64(1.0), np.float64(1.0), np.float64(1.0), np.float64(1.0), np.float64(1.0), np.float64(1.0), np.float64(1.0), np.float64(1.0), np.float64(1.0), np.float64(1.0), np.float64(1.0), np.float64(1.0), np.float64(1.0), np.float64(1.0), np.float64(1.0), np.float64(1.0), np.float64(1.0), np.float64(1.0)]","[np.float64(0.0), np.float64(0.0)]","[np.float64(1.0), np.float64(1.0), np.float64(0.0), np.float64(0.0)]",1.0,1.0,0.0,0.0,"psych_curve(xdata=array([-70.,  70.]), ydata=[np.float64(0.0), np.float64(1.0)], fit=[np.float64(nan), np.float64(nan), np.float64(nan), np.float64(nan), np.float64(nan), np.float64(nan), np.float64(nan), np.float64(nan), np.float64(nan), np.float64(nan), np.float64(nan), np.float64(nan), np.float64(nan), np.float64(nan), np.float64(nan), np.float64(nan), np.float64(nan), np.float64(nan), np.float64(nan), np.float64(nan), np.float64(nan), np.float64(nan), np.float64(nan), np.float64(nan), np.float64(nan), np.float64(nan), np.float64(nan), np.float64(nan), np.float64(nan), np.float64(nan), np.float64(nan), np.float64(nan), np.float64(nan), np.float64(nan), np.float64(nan), np.float64(nan), np.float64(nan), np.float64(nan), np.float64(nan), np.float64(nan), np.float64(nan), np.float64(nan), np.float64(nan), np.float64(nan), np.float64(nan), np.float64(nan), np.float64(nan), np.float64(nan), np.float64(nan), np.float64(nan), np.float64(nan), np.float64(nan), np.float64(nan), np.float64(nan), np.float64(nan), np.float64(nan), np.float64(nan), np.float64(nan), np.float64(nan), np.float64(nan), np.float64(nan), np.float64(nan), np.float64(nan), np.float64(nan), np.float64(nan), np.float64(nan), np.float64(nan), np.float64(nan), np.float64(nan), np.float64(nan), np.float64(nan), np.float64(nan), np.float64(nan), np.float64(nan), np.float64(nan), np.float64(nan), np.float64(nan), np.float64(nan), np.float64(nan), np.float64(nan), np.float64(nan), np.float64(nan), np.float64(nan), np.float64(nan), np.float64(nan), np.float64(nan), np.float64(nan), np.float64(nan), np.float64(nan), np.float64(nan), np.float64(nan), np.float64(nan), np.float64(nan), np.float64(nan), np.float64(nan), np.float64(nan), np.float64(nan), np.float64(nan), np.float64(nan), np.float64(nan)], params=[np.float64(1.0), np.float64(1.0), np.float64(0.0), np.float64(0.0)], fit_error=[np.float64(0.0), np.float64(0.0)])",[-70.  70.],"[np.float64(0.0), np.float64(1.0)]","[np.float64(0.0), np.float64(0.0), np.float64(0.0), np.float64(0.0), np.float64(0.0), np.float64(0.0), np.float64(0.0), np.float64(0.0), np.float64(0.0), np.float64(0.0), np.float64(0.0), np.float64(0.0), np.float64(0.0), np.float64(0.0), np.float64(0.0), np.float64(0.0), np.float64(0.0), np.float64(0.0), np.float64(0.0), np.float64(0.0), np.float64(0.0), np.float64(0.0), np.float64(0.0), np.float64(0.0), np.float64(0.0), np.float64(0.0), np.float64(0.0), np.float64(0.0), np.float64(0.0), np.float64(0.0), np.float64(0.0), np.float64(0.0), np.float64(0.0), np.float64(0.0), np.float64(0.0), np.float64(0.0), np.float64(0.0), np.float64(0.0), np.float64(0.0), np.float64(0.0), np.float64(0.0), np.float64(0.0), np.float64(0.0), np.float64(0.0), np.float64(0.0), np.float64(0.001), np.float64(0.003), np.float64(0.011), np.float64(0.042), np.float64(0.154), np.float64(0.427), np.float64(0.754), np.float64(0.927), np.float64(0.981), np.float64(0.995), np.float64(0.999), np.float64(1.0), np.float64(1.0), np.float64(1.0), np.float64(1.0), np.float64(1.0), np.float64(1.0), np.float64(1.0), np.float64(1.0), np.float64(1.0), np.float64(1.0), np.float64(1.0), np.float64(1.0), np.float64(1.0), np.float64(1.0), np.float64(1.0), np.float64(1.0), np.float64(1.0), np.float64(1.0), np.float64(1.0), np.float64(1.0), np.float64(1.0), np.float64(1.0), np.float64(1.0), np.float64(1.0), np.float64(1.0), np.float64(1.0), np.float64(1.0), np.float64(1.0), np.float64(1.0), np.float64(1.0), np.float64(1.0), np.float64(1.0), np.float64(1.0), np.float64(1.0), np.float64(1.0), np.float64(1.0), np.float64(1.0), np.float64(1.0), np.float64(1.0), np.float64(1.0), np.float64(1.0), np.float64(1.0), np.float64(1.0), np.float64(1.0)]","[np.float64(0.0), np.float64(0.0)]","[np.float64(1.0), np.float64(1.0), np.float64(0.0), np.float64(0.0)]",1.0,1.0,0.0,0.0,
2022-04-07,3,180,334,Bpod6,127,70,57,2,3,4,1,3,1,2,1,0,1,0.031496062992125984,0.014285714285714285,0.05263157894736842,5,1,4,1,0,1,0.0,0.3333333333333333,2,3,1,0.5,0.3333333333333333,0.8,1.0,0.75,0.8,-0.25,1.0,1.0,0.0,0.16666666666666666,0.41666666666666663,122,69,53,0.9606299212598425,0.9857142857142858,0.9298245614035088,4,1,3,10.0,2.5,7.5,3.0,0,0,0,0.0,,"psych_curve(xdata=array([-70.,  70.]), ydata=[np.float64(0.0), np.float64(0.75)], fit=[np.float64(0.0), np.float64(0.0), np.float64(0.0), np.float64(0.0), np.float64(0.0), np.float64(0.0), np.float64(0.0), np.float64(0.0), np.float64(0.0), np.float64(0.0), np.float64(0.0), np.float64(0.0), np.float64(0.0), np.float64(0.0), np.float64(0.0), np.float64(0.0), np.float64(0.0), np.float64(0.0), np.float64(0.0), np.float64(0.0), np.float64(0.0), np.float64(0.0), np.float64(0.0), np.float64(0.0), np.float64(0.0), np.float64(0.0), np.float64(0.0), np.float64(0.0), np.float64(0.0), np.float64(0.0), np.float64(0.0), np.float64(0.0), np.float64(0.0), np.float64(0.0), np.float64(0.0), np.float64(0.0), np.float64(0.0), np.float64(0.0), np.float64(0.0), np.float64(0.0), np.float64(0.0), np.float64(0.0), np.float64(0.0), np.float64(0.0), np.float64(0.0), np.float64(0.0), np.float64(0.002), np.float64(0.008), np.float64(0.032), np.float64(0.115), np.float64(0.32), np.float64(0.566), np.float64(0.695), np.float64(0.736), np.float64(0.747), np.float64(0.749), np.float64(0.75), np.float64(0.75), np.float64(0.75), np.float64(0.75), np.float64(0.75), np.float64(0.75), np.float64(0.75), np.float64(0.75), np.float64(0.75), np.float64(0.75), np.float64(0.75), np.float64(0.75), np.float64(0.75), np.float64(0.75), np.float64(0.75), np.float64(0.75), np.float64(0.75), np.float64(0.75), np.float64(0.75), np.float64(0.75), np.float64(0.75), np.float64(0.75), np.float64(0.75), np.float64(0.75), np.float64(0.75), np.float64(0.75), np.float64(0.75), np.float64(0.75), np.float64(0.75), np.float64(0.75), np.float64(0.75), np.float64(0.75), np.float64(0.75), np.float64(0.75), np.float64(0.75), np.float64(0.75), np.float64(0.75), np.float64(0.75), np.float64(0.75), np.float64(0.75), np.float64(0.75), np.float64(0.75), np.float64(0.75), np.float64(0.75)], params=[np.float64(1.0), np.float64(1.0), np.float64(0.0), np.float64(0.25)], fit_error=[np.float64(nan), np.float64(0.25)])",[-70.  70.],"[np.float64(0.0), np.float64(0.75)]","[np.float64(0.0), np.float64(0.0), np.float64(0.0), np.float64(0.0), np.float64(0.0), np.float64(0.0), np.float64(0.0), np.float64(0.0), np.float64(0.0), np.float64(0.0), np.float64(0.0), np.float64(0.0), np.float64(0.0), np.float64(0.0), np.float64(0.0), np.float64(0.0), np.float64(0.0), np.float64(0.0), np.float64(0.0), np.float64(0.0), np.float64(0.0), np.float64(0.0), np.float64(0.0), np.float64(0.0), np.float64(0.0), np.float64(0.0), np.float64(0.0), np.float64(0.0), np.float64(0.0), np.float64(0.0), np.float64(0.0), np.float64(0.0), np.float64(0.0), np.float64(0.0), np.float64(0.0), np.float64(0.0), np.float64(0.0), np.float64(0.0), np.float64(0.0), np.float64(0.0), np.float64(0.0), np.float64(0.0), np.float64(0.0), np.float64(0.0), np.float64(0.0), np.float64(0.0), np.float64(0.002), np.float64(0.008), np.float64(0.032), np.float64(0.115), np.float64(0.32), np.float64(0.566), np.float64(0.695), np.float64(0.736), np.float64(0.747), np.float64(0.749), np.float64(0.75), np.float64(0.75), np.float64(0.75), np.float64(0.75), np.float64(0.75), np.float64(0.75), np.float64(0.75), np.float64(0.75), np.float64(0.75), np.float64(0.75), np.float64(0.75), np.float64(0.75), np.float64(0.75), np.float64(0.75), np.float64(0.75), np.float64(0.75), np.float64(0.75), np.float64(0.75), np.float64(0.75), np.float64(0.75), np.float64(0.75), np.float64(0.75), np.float64(0.75), np.float64(0.75), np.float64(0.75), np.float64(0.75), np.float64(0.75), np.float64(0.75), np.float64(0.75), np.float64(0.75), np.float64(0.75), np.float64(0.75), np.float64(0.75), np.float64(0.75), np.float64(0.75), np.float64(0.75), np.float64(0.75), np.float64(0.75), np.float64(0.75), np.float64(0.75), np.float64(0.75), np.float64(0.75), np.float64(0.75), np.float64(0.75)]","[np.float64(nan), np.float64(0.25)]","[np.float64(1.0), np.float64(1.0), np.float64(0.0), np.float64(0.25)]",1.0,1.0,0.0,0.25,"psych_curve(xdata=array([-70.,  70.]), ydata=[np.float64(0.0), np.float64(1.0)], fit=[np.float64(nan), np.float64(nan), np.float64(nan), np.float64(nan), np.float64(nan), np.float64(nan), np.float64(nan), np.float64(nan), np.float64(nan), np.float64(nan), np.float64(nan), np.float64(nan), np.float64(nan), np.float64(nan), np.float64(nan), np.float64(nan), np.float64(nan), np.float64(nan), np.float64(nan), np.float64(nan), np.float64(nan), np.float64(nan), np.float64(nan), np.float64(nan), np.float64(nan), np.float64(nan), np.float64(nan), np.float64(nan), np.float64(nan), np.float64(nan), np.float64(nan), np.float64(nan), np.float64(nan), np.float64(nan), np.float64(nan), np.float64(nan), np.float64(nan), np.float64(nan), np.float64(nan), np.float64(nan), np.float64(nan), np.float64(nan), np.float64(nan), np.float64(nan), np.float64(nan), np.float64(nan), np.float64(nan), np.float64(nan), np.float64(nan), np.float64(nan), np.float64(nan), np.float64(nan), np.float64(nan), np.float64(nan), np.float64(nan), np.float64(nan), np.float64(nan), np.float64(nan), np.float64(nan), np.float64(nan), np.float64(nan), np.float64(nan), np.float64(nan), np.float64(nan), np.float64(nan), np.float64(nan), np.float64(nan), np.float64(nan), np.float64(nan), np.float64(nan), np.float64(nan), np.float64(nan), np.float64(nan), np.float64(nan), np.float64(nan), np.float64(nan), np.float64(nan), np.float64(nan), np.float64(nan), np.float64(nan), np.float64(nan), np.float64(nan), np.float64(nan), np.float64(nan), np.float64(nan), np.float64(nan), np.float64(nan), np.float64(nan), np.float64(nan), np.float64(nan), np.float64(nan), np.float64(nan), np.float64(nan), np.float64(nan), np.float64(nan), np.float64(nan), np.float64(nan), np.float64(nan), np.float64(nan), np.float64(nan)], params=[np.float64(1.0), np.float64(1.0), np.float64(0.0), np.float64(0.0)], fit_error=[np.float64(0.0), np.float64(nan)])",[-70.  70.],"[np.float64(0.0), np.float64(0.75)]","[np.float64(0.0), np.float64(0.0), np.float64(0.0), np.float64(0.0), np.float64(0.0), np.float64(0.0), np.float64(0.0), np.float64(0.0), np.float64(0.0), np.float64(0.0), np.float64(0.0), np.float64(0.0), np.float64(0.0), np.float64(0.0), np.float64(0.0), np.float64(0.0), np.float64(0.0), np.float64(0.0), np.float64(0.0), np.float64(0.0), np.float64(0.0), np.float64(0.0), np.float64(0.0), np.float64(0.0), np.float64(0.0), np.float64(0.0), np.float64(0.0), np.float64(0.0), np.float64(0.0), np.float64(0.0), np.float64(0.0), np.float64(0.0), np.float64(0.0), np.float64(0.0), np.float64(0.0), np.float64(0.0), np.float64(0.0), np.float64(0.0), np.float64(0.0), np.float64(0.0), np.float64(0.0), np.float64(0.0), np.float64(0.0), np.float64(0.0), np.float64(0.0), np.float64(0.0), np.float64(0.002), np.float64(0.008), np.float64(0.032), np.float64(0.115), np.float64(0.32), np.float64(0.566), np.float64(0.695), np.float64(0.736), np.float64(0.747), np.float64(0.749), np.float64(0.75), np.float64(0.75), np.float64(0.75), np.float64(0.75), np.float64(0.75), np.float64(0.75), np.float64(0.75), np.float64(0.75), np.float64(0.75), np.float64(0.75), np.float64(0.75), np.float64(0.75), np.float64(0.75), np.float64(0.75), np.float64(0.75), np.float64(0.75), np.float64(0.75), np.float64(0.75), np.float64(0.75), np.float64(0.75), np.float64(0.75), np.float64(0.75), np.float64(0.75), np.float64(0.75), np.float64(0.75), np.float64(0.75), np.float64(0.75), np.float64(0.75), np.float64(0.75), np.float64(0.75), np.float64(0.75), np.float64(0.75), np.float64(0.75), np.float64(0.75), np.float64(0.75), np.float64(0.75), np.float64(0.75), np.float64(0.75), np.float64(0.75), np.float64(0.75), np.float64(0.75), np.float64(0.75), np.float64(0.75), np.float64(0.75)]","[np.float64(nan), np.float64(0.25)]","[np.float64(1.0), np.float64(1.0), np.float64(0.0), np.float64(0.0)]",1.0,1.0,0.0,0.0,
2022-04-08,4,181,334,Bpod6,136,47,89,87,10,38,31,7,33,2,59,3,56,0.27941176470588236,0.6595744680851063,0.07865168539325842,97,34,63,86,79,7,0.9080459770114943,0.7,4,1,1,0.034482758620689655,0.1,0.3917525773195876,0.9117647058823529,0.1111111111111111,0.3917525773195876,-0.8006535947712419,0.38372093023255816,0.5,-0.11627906976744184,0.804022988505747,0.06724137931034482,39,13,26,0.2867647058823529,0.2765957446808511,0.29213483146067415,38,31,7,95.0,77.5,17.5,3.0,0,0,0,0.0,,"psych_curve(xdata=array([-70.,  70.]), ydata=[np.float64(0.088), np.float64(0.111)], fit=[np.float64(0.09), np.float64(0.09), np.float64(0.09), np.float64(0.09), np.float64(0.09), np.float64(0.09), np.float64(0.09), np.float64(0.09), np.float64(0.09), np.float64(0.09), np.float64(0.09), np.float64(0.09), np.float64(0.09), np.float64(0.09), np.float64(0.09), np.float64(0.09), np.float64(0.09), np.float64(0.09), np.float64(0.09), np.float64(0.09), np.float64(0.09), np.float64(0.09), np.float64(0.09), np.float64(0.09), np.float64(0.09), np.float64(0.09), np.float64(0.09), np.float64(0.09), np.float64(0.09), np.float64(0.09), np.float64(0.09), np.float64(0.09), np.float64(0.09), np.float64(0.09), np.float64(0.09), np.float64(0.09), np.float64(0.09), np.float64(0.09), np.float64(0.09), np.float64(0.09), np.float64(0.09), np.float64(0.09), np.float64(0.09), np.float64(0.09), np.float64(0.09), np.float64(0.09), np.float64(0.09), np.float64(0.09), np.float64(0.091), np.float64(0.093), np.float64(0.099), np.float64(0.105), np.float64(0.109), np.float64(0.11), np.float64(0.11), np.float64(0.11), np.float64(0.11), np.float64(0.11), np.float64(0.11), np.float64(0.11), np.float64(0.11), np.float64(0.11), np.float64(0.11), np.float64(0.11), np.float64(0.11), np.float64(0.11), np.float64(0.11), np.float64(0.11), np.float64(0.11), np.float64(0.11), np.float64(0.11), np.float64(0.11), np.float64(0.11), np.float64(0.11), np.float64(0.11), np.float64(0.11), np.float64(0.11), np.float64(0.11), np.float64(0.11), np.float64(0.11), np.float64(0.11), np.float64(0.11), np.float64(0.11), np.float64(0.11), np.float64(0.11), np.float64(0.11), np.float64(0.11), np.float64(0.11), np.float64(0.11), np.float64(0.11), np.float64(0.11), np.float64(0.11), np.float64(0.11), np.float64(0.11), np.float64(0.11), np.float64(0.11), np.float64(0.11), np.float64(0.11), np.float64(0.11), np.float64(0.11)], params=[np.float64(1.0), np.float64(1.0), np.float64(0.09), np.float64(0.89)], fit_error=[np.float64(0.049), np.float64(0.04)])",[-70.  70.],"[np.float64(0.088), np.float64(0.111)]","[np.float64(0.09), np.float64(0.09), np.float64(0.09), np.float64(0.09), np.float64(0.09), np.float64(0.09), np.float64(0.09), np.float64(0.09), np.float64(0.09), np.float64(0.09), np.float64(0.09), np.float64(0.09), np.float64(0.09), np.float64(0.09), np.float64(0.09), np.float64(0.09), np.float64(0.09), np.float64(0.09), np.float64(0.09), np.float64(0.09), np.float64(0.09), np.float64(0.09), np.float64(0.09), np.float64(0.09), np.float64(0.09), np.float64(0.09), np.float64(0.09), np.float64(0.09), np.float64(0.09), np.float64(0.09), np.float64(0.09), np.float64(0.09), np.float64(0.09), np.float64(0.09), np.float64(0.09), np.float64(0.09), np.float64(0.09), np.float64(0.09), np.float64(0.09), np.float64(0.09), np.float64(0.09), np.float64(0.09), np.float64(0.09), np.float64(0.09), np.float64(0.09), np.float64(0.09), np.float64(0.09), np.float64(0.09), np.float64(0.091), np.float64(0.093), np.float64(0.099), np.float64(0.105), np.float64(0.109), np.float64(0.11), np.float64(0.11), np.float64(0.11), np.float64(0.11), np.float64(0.11), np.float64(0.11), np.float64(0.11), np.float64(0.11), np.float64(0.11), np.float64(0.11), np.float64(0.11), np.float64(0.11), np.float64(0.11), np.float64(0.11), np.float64(0.11), np.float64(0.11), np.float64(0.11), np.float64(0.11), np.float64(0.11), np.float64(0.11), np.float64(0.11), np.float64(0.11), np.float64(0.11), np.float64(0.11), np.float64(0.11), np.float64(0.11), np.float64(0.11), np.float64(0.11), np.float64(0.11), np.float64(0.11), np.float64(0.11), np.float64(0.11), np.float64(0.11), np.float64(0.11), np.float64(0.11), np.float64(0.11), np.float64(0.11), np.float64(0.11), np.float64(0.11), np.float64(0.11), np.float64(0.11), np.float64(0.11), np.float64(0.11), np.float64(0.11), np.float64(0.11), np.float64(0.11), np.float64(0.11)]","[np.float64(0.049), np.float64(0.04)]","[np.float64(1.0), np.float64(1.0), np.float64(0.09), np.float64(0.89)]",1.0,1.0,0.09,0.89,"psych_curve(xdata=array([-70.,  70.]), ydata=[np.float64(0.964), np.float64(0.943)], fit=[np.float64(nan), np.float64(nan), np.float64(nan), np.float64(nan), np.float64(nan), np.float64(nan), np.float64(nan), np.float64(nan), np.float64(nan), np.float64(nan), np.float64(nan), np.float64(nan), np.float64(nan), np.float64(nan), np.float64(nan), np.float64(nan), np.float64(nan), np.float64(nan), np.float64(nan), np.float64(nan), np.float64(nan), np.float64(nan), np.float64(nan), np.float64(nan), np.float64(nan), np.float64(nan), np.float64(nan), np.float64(nan), np.float64(nan), np.float64(nan), np.float64(nan), np.float64(nan), np.float64(nan), np.float64(nan), np.float64(nan), np.float64(nan), np.float64(nan), np.float64(nan), np.float64(nan), np.float64(nan), np.float64(nan), np.float64(nan), np.float64(nan), np.float64(nan), np.float64(nan), np.float64(nan), np.float64(nan), np.float64(nan), np.float64(nan), np.float64(nan), np.float64(nan), np.float64(nan), np.float64(nan), np.float64(nan), np.float64(nan), np.float64(nan), np.float64(nan), np.float64(nan), np.float64(nan), np.float64(nan), np.float64(nan), np.float64(nan), np.float64(nan), np.float64(nan), np.float64(nan), np.float64(nan), np.float64(nan), np.float64(nan), np.float64(nan), np.float64(nan), np.float64(nan), np.float64(nan), np.float64(nan), np.float64(nan), np.float64(nan), np.float64(nan), np.float64(nan), np.float64(nan), np.float64(nan), np.float64(nan), np.float64(nan), np.float64(nan), np.float64(nan), np.float64(nan), np.float64(nan), np.float64(nan), np.float64(nan), np.float64(nan), np.float64(nan), np.float64(nan), np.float64(nan), np.float64(nan), np.float64(nan), np.float64(nan), np.float64(nan), np.float64(nan), np.float64(nan), np.float64(nan), np.float64(nan), np.float64(nan)], params=[np.float64(1.0), np.float64(1.0), np.float64(0.96), np.float64(0.06)], fit_error=[np.float64(0.025), np.float64(0.04)])",[-70.  70.],"[np.float64(0.088), np.float64(0.111)]","[np.float64(0.09), np.float64(0.09), np.float64(0.09), np.float64(0.09), np.float64(0.09), np.float64(0.09), np.float64(0.09), np.float64(0.09), np.float64(0.09), np.float64(0.09), np.float64(0.09), np.float64(0.09), np.float64(0.09), np.float64(0.09), np.float64(0.09), np.float64(0.09), np.float64(0.09), np.float64(0.09), np.float64(0.09), np.float64(0.09), np.float64(0.09), np.float64(0.09), np.float64(0.09), np.float64(0.09), np.float64(0.09), np.float64(0.09), np.float64(0.09), np.float64(0.09), np.float64(0.09), np.float64(0.09), np.float64(0.09), np.float64(0.09), np.float64(0.09), np.float64(0.09), np.float64(0.09), np.float64(0.09), np.float64(0.09), np.float64(0.09), np.float64(0.09), np.float64(0.09), np.float64(0.09), np.float64(0.09), np.float64(0.09), np.float64(0.09), np.float64(0.09), np.float64(0.09), np.float64(0.09), np.float64(0.09), np.float64(0.091), np.float64(0.093), np.float64(0.099), np.float64(0.105), np.float64(0.109), np.float64(0.11), np.float64(0.11), np.float64(0.11), np.float64(0.11), np.float64(0.11), np.float64(0.11), np.float64(0.11), np.float64(0.11), np.float64(0.11), np.float64(0.11), np.float64(0.11), np.float64(0.11), np.float64(0.11), np.float64(0.11), np.float64(0.11), np.float64(0.11), np.float64(0.11), np.float64(0.11), np.float64(0.11), np.float64(0.11), np.float64(0.11), np.float64(0.11), np.float64(0.11), np.float64(0.11), np.float64(0.11), np.float64(0.11), np.float64(0.11), np.float64(0.11), np.float64(0.11), np.float64(0.11), np.float64(0.11), np.float64(0.11), np.float64(0.11), np.float64(0.11), np.float64(0.11), np.float64(0.11), np.float64(0.11), np.float64(0.11), np.float64(0.11), np.float64(0.11), np.float64(0.11), np.float64(0.11), np.float64(0.11), np.float64(0.11), np.float64(0.11), np.float64(0.11), np.float64(0.11)]","[np.float64(0.049), np.float64(0.04)]","[np.float64(1.0), np.float64(1.0), np.float64(0.96), np.float64(0.06)]",1.0,1.0,0.96,0.06,
2022-04-26,1,199,334,Bpod6,98,50,48,18,2,10,10,0,7,0,8,0,8,0.10204081632653061,0.2,0.0,18,10,8,14,14,1,0.7777777777777778,0.5,2,8,1,,0.5,0.5555555555555556,1.0,0.0,0.5555555555555556,-1.0,0.5,,,,,80,40,40,0.8163265306122449,0.8,0.8333333333333334,10,10,0,25.0,25.0,0.0,4.0,0,0,0,0.0,,"psych_curve(xdata=array([-70.,  70.]), ydata=[np.float64(0.0), np.float64(0.0)], fit=[np.float64(0.0), np.float64(0.0), np.float64(0.0), np.float64(0.0), np.float64(0.0), np.float64(0.0), np.float64(0.0), np.float64(0.0), np.float64(0.0), np.float64(0.0), np.float64(0.0), np.float64(0.0), np.float64(0.0), np.float64(0.0), np.float64(0.0), np.float64(0.0), np.float64(0.0), np.float64(0.0), np.float64(0.0), np.float64(0.0), np.float64(0.0), np.float64(0.0), np.float64(0.0), np.float64(0.0), np.float64(0.0), np.float64(0.0), np.float64(0.0), np.float64(0.0), np.float64(0.0), np.float64(0.0), np.float64(0.0), np.float64(0.0), np.float64(0.0), np.float64(0.0), np.float64(0.0), np.float64(0.0), np.float64(0.0), np.float64(0.0), np.float64(0.0), np.float64(0.0), np.float64(0.0), np.float64(0.0), np.float64(0.0), np.float64(0.0), np.float64(0.0), np.float64(0.0), np.float64(0.0), np.float64(0.0), np.float64(0.0), np.float64(0.0), np.float64(0.0), np.float64(0.0), np.float64(0.0), np.float64(0.0), np.float64(0.0), np.float64(0.0), np.float64(0.0), np.float64(0.0), np.float64(0.0), np.float64(0.0), np.float64(0.0), np.float64(0.0), np.float64(0.0), np.float64(0.0), np.float64(0.0), np.float64(0.0), np.float64(0.0), np.float64(0.0), np.float64(0.0), np.float64(0.0), np.float64(0.0), np.float64(0.0), np.float64(0.0), np.float64(0.0), np.float64(0.0), np.float64(0.0), np.float64(0.0), np.float64(0.0), np.float64(0.0), np.float64(0.0), np.float64(0.0), np.float64(0.0), np.float64(0.0), np.float64(0.0), np.float64(0.0), np.float64(0.0), np.float64(0.0), np.float64(0.0), np.float64(0.0), np.float64(0.0), np.float64(0.0), np.float64(0.0), np.float64(0.0), np.float64(0.0), np.float64(0.0), np.float64(0.0), np.float64(0.0), np.float64(0.0), np.float64(0.0), np.float64(0.0)], params=[np.float64(1.0), np.float64(1.0), np.float64(0.0), np.float64(1.0)], fit_error=[np.float64(0.0), np.float64(0.0)])",[-70.  70.],"[np.float64(0.0), np.float64(0.0)]","[np.float64(0.0), np.float64(0.0), np.float64(0.0), np.float64(0.0), np.float64(0.0), np.float64(0.0), np.float64(0.0), np.float64(0.0), np.float64(0.0), np.float64(0.0), np.float64(0.0), np.float64(0.0), np.float64(0.0), np.float64(0.0), np.float64(0.0), np.float64(0.0), np.float64(0.0), np.float64(0.0), np.float64(0.0), np.float64(0.0), np.float64(0.0), np.float64(0.0), np.float64(0.0), np.float64(0.0), np.float64(0.0), np.float64(0.0), np.float64(0.0), np.float64(0.0), np.float64(0.0), np.float64(0.0), np.float64(0.0), np.float64(0.0), np.float64(0.0), np.float64(0.0), np.float64(0.0), np.float64(0.0), np.float64(0.0), np.float64(0.0), np.float64(0.0), np.float64(0.0), np.float64(0.0), np.float64(0.0), np.float64(0.0), np.float64(0.0), np.float64(0.0), np.float64(0.0), np.float64(0.0), np.float64(0.0), np.float64(0.0), np.float64(0.0), np.float64(0.0), np.float64(0.0), np.float64(0.0), np.float64(0.0), np.float64(0.0), np.float64(0.0), np.float64(0.0), np.float64(0.0), np.float64(0.0), np.float64(0.0), np.float64(0.0), np.float64(0.0), np.float64(0.0), np.float64(0.0), np.float64(0.0), np.float64(0.0), np.float64(0.0), np.float64(0.0), np.float64(0.0), np.float64(0.0), np.float64(0.0), np.float64(0.0), np.float64(0.0), np.float64(0.0), np.float64(0.0), np.float64(0.0), np.float64(0.0), np.float64(0.0), np.float64(0.0), np.float64(0.0), np.float64(0.0), np.float64(0.0), np.float64(0.0), np.float64(0.0), np.float64(0.0), np.float64(0.0), np.float64(0.0), np.float64(0.0), np.float64(0.0), np.float64(0.0), np.float64(0.0), np.float64(0.0), np.float64(0.0), np.float64(0.0), np.float64(0.0), np.float64(0.0), np.float64(0.0), np.float64(0.0), np.float64(0.0), np.float64(0.0)]","[np.float64(0.0), np.float64(0.0)]","[np.float64(1.0), np.float64(1.0), np.float64(0.0), np.float64(1.0)]",1.0,1.0,0.0,1.0,"psych_curve(xdata=array([-70.,  70.]), ydata=[np.float64(1.0), np.float64(1.0)], fit=[np.float64(nan), np.float64(nan), np.float64(nan), np.float64(nan), np.float64(nan), np.float64(nan), np.float64(nan), np.float64(nan), np.float64(nan), np.float64(nan), np.float64(nan), np.float64(nan), np.float64(nan), np.float64(nan), np.float64(nan), np.float64(nan), np.float64(nan), np.float64(nan), np.float64(nan), np.float64(nan), np.float64(nan), np.float64(nan), np.float64(nan), np.float64(nan), np.float64(nan), np.float64(nan), np.float64(nan), np.float64(nan), np.float64(nan), np.float64(nan), np.float64(nan), np.float64(nan), np.float64(nan), np.float64(nan), np.float64(nan), np.float64(nan), np.float64(nan), np.float64(nan), np.float64(nan), np.float64(nan), np.float64(nan), np.float64(nan), np.float64(nan), np.float64(nan), np.float64(nan), np.float64(nan), np.float64(nan), np.float64(nan), np.float64(nan), np.float64(nan), np.float64(nan), np.float64(nan), np.float64(nan), np.float64(nan), np.float64(nan), np.float64(nan), np.float64(nan), np.float64(nan), np.float64(nan), np.float64(nan), np.float64(nan), np.float64(nan), np.float64(nan), np.float64(nan), np.float64(nan), np.float64(nan), np.float64(nan), np.float64(nan), np.float64(nan), np.float64(nan), np.float64(nan), np.float64(nan), np.float64(nan), np.float64(nan), np.float64(nan), np.float64(nan), np.float64(nan), np.float64(nan), np.float64(nan), np.float64(nan), np.float64(nan), np.float64(nan), np.float64(nan), np.float64(nan), np.float64(nan), np.float64(nan), np.float64(nan), np.float64(nan), np.float64(nan), np.float64(nan), np.float64(nan), np.float64(nan), np.float64(nan), np.float64(nan), np.float64(nan), np.float64(nan), np.float64(nan), np.float64(nan), np.float64(nan), np.float64(nan)], params=[np.float64(1.0), np.float64(1.0), np.float64(1.0), np.float64(0.0)], fit_error=[np.float64(0.0), np.float64(0.0)])",[-70.  70.],"[np.float64(0.0), np.float64(0.0)]","[np.float64(0.0), np.float64(0.0), np.float64(0.0), np.float64(0.0), np.float64(0.0), np.float64(0.0), np.float64(0.0), np.float64(0.0), np.float64(0.0), np.float64(0.0), np.float64(0.0), np.float64(0.0), np.float64(0.0), np.float64(0.0), np.float64(0.0), np.float64(0.0), np.float64(0.0), np.float64(0.0), np.float64(0.0), np.float64(0.0), np.float64(0.0), np.float64(0.0), np.float64(0.0), np.float64(0.0), np.float64(0.0), np.float64(0.0), np.float64(0.0), np.float64(0.0), np.float64(0.0), np.float64(0.0), np.float64(0.0), np.float64(0.0), np.float64(0.0), np.float64(0.0), np.float64(0.0), np.float64(0.0), np.float64(0.0), np.float64(0.0), np.float64(0.0), np.float64(0.0), np.float64(0.0), np.float64(0.0), np.float64(0.0), np.float64(0.0), np.float64(0.0), np.float64(0.0), np.float64(0.0), np.float64(0.0), np.float64(0.0), np.float64(0.0), np.float64(0.0), np.float64(0.0), np.float64(0.0), np.float64(0.0), np.float64(0.0), np.float64(0.0), np.float64(0.0), np.float64(0.0), np.float64(0.0), np.float64(0.0), np.float64(0.0), np.float64(0.0), np.float64(0.0), np.float64(0.0), np.float64(0.0), np.float64(0.0), np.float64(0.0), np.float64(0.0), np.float64(0.0), np.float64(0.0), np.float64(0.0), np.float64(0.0), np.float64(0.0), np.float64(0.0), np.float64(0.0), np.float64(0.0), np.float64(0.0), np.float64(0.0), np.float64(0.0), np.float64(0.0), np.float64(0.0), np.float64(0.0), np.float64(0.0), np.float64(0.0), np.float64(0.0), np.float64(0.0), np.float64(0.0), np.float64(0.0), np.float64(0.0), np.float64(0.0), np.float64(0.0), np.float64(0.0), np.float64(0.0), np.float64(0.0), np.float64(0.0), np.float64(0.0), np.float64(0.0), np.float64(0.0), np.float64(0.0), np.float64(0.0)]","[np.float64(0.0), np.float64(0.0)]","[np.float64(1.0), np.float64(1.0), np.float64(1.0), np.float64(0.0)]",1.0,1.0,1.0,0.0,
